1275 51 1
2 50 51
2 49 50
2 49 50
2 48 49
2 48 49
2 48 49
2 47 48
2 47 48
2 47 48
2 47 48
2 46 47
2 46 47
2 46 47
2 46 47
2 46 47
2 45 46
2 45 46
2 45 46
2 45 46
2 45 46
2 45 46
2 44 45
2 44 45
2 44 45
2 44 45
2 44 45
2 44 45
2 44 45
2 43 44
2 43 44
2 43 44
2 43 44
2 43 44
2 43 44
2 43 44
2 43 44
2 42 43
2 42 43
2 42 43
2 42 43
2 42 43
2 42 43
2 42 43
2 42 43
2 42 43
2 41 42
2 41 42
2 41 42
2 41 42
2 41 42
2 41 42
2 41 42
2 41 42
2 41 42
2 41 42
2 40 41
2 40 41
2 40 41
2 40 41
2 40 41
2 40 41
2 40 41
2 40 41
2 40 41
2 40 41
2 40 41
2 39 40
2 39 40
2 39 40
2 39 40
2 39 40
2 39 40
2 39 40
2 39 40
2 39 40
2 39 40
2 39 40
2 39 40
2 38 39
2 38 39
2 38 39
2 38 39
2 38 39
2 38 39
2 38 39
2 38 39
2 38 39
2 38 39
2 38 39
2 38 39
2 38 39
2 37 38
2 37 38
2 37 38
2 37 38
2 37 38
2 37 38
2 37 38
2 37 38
2 37 38
2 37 38
2 37 38
2 37 38
2 37 38
2 37 38
2 36 37
2 36 37
2 36 37
2 36 37
2 36 37
2 36 37
2 36 37
2 36 37
2 36 37
2 36 37
2 36 37
2 36 37
2 36 37
2 36 37
2 36 37
2 35 36
2 35 36
2 35 36
2 35 36
2 35 36
2 35 36
2 35 36
2 35 36
2 35 36
2 35 36
2 35 36
2 35 36
2 35 36
2 35 36
2 35 36
2 35 36
2 34 35
2 34 35
2 34 35
2 34 35
2 34 35
2 34 35
2 34 35
2 34 35
2 34 35
2 34 35
2 34 35
2 34 35
2 34 35
2 34 35
2 34 35
2 34 35
2 34 35
2 33 34
2 33 34
2 33 34
2 33 34
2 33 34
2 33 34
2 33 34
2 33 34
2 33 34
2 33 34
2 33 34
2 33 34
2 33 34
2 33 34
2 33 34
2 33 34
2 33 34
2 33 34
2 32 33
2 32 33
2 32 33
2 32 33
2 32 33
2 32 33
2 32 33
2 32 33
2 32 33
2 32 33
2 32 33
2 32 33
2 32 33
2 32 33
2 32 33
2 32 33
2 32 33
2 32 33
2 32 33
2 31 32
2 31 32
2 31 32
2 31 32
2 31 32
2 31 32
2 31 32
2 31 32
2 31 32
2 31 32
2 31 32
2 31 32
2 31 32
2 31 32
2 31 32
2 31 32
2 31 32
2 31 32
2 31 32
2 31 32
2 30 31
2 30 31
2 30 31
2 30 31
2 30 31
2 30 31
2 30 31
2 30 31
2 30 31
2 30 31
2 30 31
2 30 31
2 30 31
2 30 31
2 30 31
2 30 31
2 30 31
2 30 31
2 30 31
2 30 31
2 30 31
2 29 30
2 29 30
2 29 30
2 29 30
2 29 30
2 29 30
2 29 30
2 29 30
2 29 30
2 29 30
2 29 30
2 29 30
2 29 30
2 29 30
2 29 30
2 29 30
2 29 30
2 29 30
2 29 30
2 29 30
2 29 30
2 29 30
2 28 29
2 28 29
2 28 29
2 28 29
2 28 29
2 28 29
2 28 29
2 28 29
2 28 29
2 28 29
2 28 29
2 28 29
2 28 29
2 28 29
2 28 29
2 28 29
2 28 29
2 28 29
2 28 29
2 28 29
2 28 29
2 28 29
2 28 29
2 27 28
2 27 28
2 27 28
2 27 28
2 27 28
2 27 28
2 27 28
2 27 28
2 27 28
2 27 28
2 27 28
2 27 28
2 27 28
2 27 28
2 27 28
2 27 28
2 27 28
2 27 28
2 27 28
2 27 28
2 27 28
2 27 28
2 27 28
2 27 28
2 26 27
2 26 27
2 26 27
2 26 27
2 26 27
2 26 27
2 26 27
2 26 27
2 26 27
2 26 27
2 26 27
2 26 27
2 26 27
2 26 27
2 26 27
2 26 27
2 26 27
2 26 27
2 26 27
2 26 27
2 26 27
2 26 27
2 26 27
2 26 27
2 26 27
2 25 26
2 25 26
2 25 26
2 25 26
2 25 26
2 25 26
2 25 26
2 25 26
2 25 26
2 25 26
2 25 26
2 25 26
2 25 26
2 25 26
2 25 26
2 25 26
2 25 26
2 25 26
2 25 26
2 25 26
2 25 26
2 25 26
2 25 26
2 25 26
2 25 26
2 25 26
2 24 25
2 24 25
2 24 25
2 24 25
2 24 25
2 24 25
2 24 25
2 24 25
2 24 25
2 24 25
2 24 25
2 24 25
2 24 25
2 24 25
2 24 25
2 24 25
2 24 25
2 24 25
2 24 25
2 24 25
2 24 25
2 24 25
2 24 25
2 24 25
2 24 25
2 24 25
2 24 25
2 23 24
2 23 24
2 23 24
2 23 24
2 23 24
2 23 24
2 23 24
2 23 24
2 23 24
2 23 24
2 23 24
2 23 24
2 23 24
2 23 24
2 23 24
2 23 24
2 23 24
2 23 24
2 23 24
2 23 24
2 23 24
2 23 24
2 23 24
2 23 24
2 23 24
2 23 24
2 23 24
2 23 24
2 22 23
2 22 23
2 22 23
2 22 23
2 22 23
2 22 23
2 22 23
2 22 23
2 22 23
2 22 23
2 22 23
2 22 23
2 22 23
2 22 23
2 22 23
2 22 23
2 22 23
2 22 23
2 22 23
2 22 23
2 22 23
2 22 23
2 22 23
2 22 23
2 22 23
2 22 23
2 22 23
2 22 23
2 22 23
2 21 22
2 21 22
2 21 22
2 21 22
2 21 22
2 21 22
2 21 22
2 21 22
2 21 22
2 21 22
2 21 22
2 21 22
2 21 22
2 21 22
2 21 22
2 21 22
2 21 22
2 21 22
2 21 22
2 21 22
2 21 22
2 21 22
2 21 22
2 21 22
2 21 22
2 21 22
2 21 22
2 21 22
2 21 22
2 21 22
2 20 21
2 20 21
2 20 21
2 20 21
2 20 21
2 20 21
2 20 21
2 20 21
2 20 21
2 20 21
2 20 21
2 20 21
2 20 21
2 20 21
2 20 21
2 20 21
2 20 21
2 20 21
2 20 21
2 20 21
2 20 21
2 20 21
2 20 21
2 20 21
2 20 21
2 20 21
2 20 21
2 20 21
2 20 21
2 20 21
2 20 21
2 19 20
2 19 20
2 19 20
2 19 20
2 19 20
2 19 20
2 19 20
2 19 20
2 19 20
2 19 20
2 19 20
2 19 20
2 19 20
2 19 20
2 19 20
2 19 20
2 19 20
2 19 20
2 19 20
2 19 20
2 19 20
2 19 20
2 19 20
2 19 20
2 19 20
2 19 20
2 19 20
2 19 20
2 19 20
2 19 20
2 19 20
2 19 20
2 18 19
2 18 19
2 18 19
2 18 19
2 18 19
2 18 19
2 18 19
2 18 19
2 18 19
2 18 19
2 18 19
2 18 19
2 18 19
2 18 19
2 18 19
2 18 19
2 18 19
2 18 19
2 18 19
2 18 19
2 18 19
2 18 19
2 18 19
2 18 19
2 18 19
2 18 19
2 18 19
2 18 19
2 18 19
2 18 19
2 18 19
2 18 19
2 18 19
2 17 18
2 17 18
2 17 18
2 17 18
2 17 18
2 17 18
2 17 18
2 17 18
2 17 18
2 17 18
2 17 18
2 17 18
2 17 18
2 17 18
2 17 18
2 17 18
2 17 18
2 17 18
2 17 18
2 17 18
2 17 18
2 17 18
2 17 18
2 17 18
2 17 18
2 17 18
2 17 18
2 17 18
2 17 18
2 17 18
2 17 18
2 17 18
2 17 18
2 17 18
2 16 17
2 16 17
2 16 17
2 16 17
2 16 17
2 16 17
2 16 17
2 16 17
2 16 17
2 16 17
2 16 17
2 16 17
2 16 17
2 16 17
2 16 17
2 16 17
2 16 17
2 16 17
2 16 17
2 16 17
2 16 17
2 16 17
2 16 17
2 16 17
2 16 17
2 16 17
2 16 17
2 16 17
2 16 17
2 16 17
2 16 17
2 16 17
2 16 17
2 16 17
2 16 17
2 15 16
2 15 16
2 15 16
2 15 16
2 15 16
2 15 16
2 15 16
2 15 16
2 15 16
2 15 16
2 15 16
2 15 16
2 15 16
2 15 16
2 15 16
2 15 16
2 15 16
2 15 16
2 15 16
2 15 16
2 15 16
2 15 16
2 15 16
2 15 16
2 15 16
2 15 16
2 15 16
2 15 16
2 15 16
2 15 16
2 15 16
2 15 16
2 15 16
2 15 16
2 15 16
2 15 16
2 14 15
2 14 15
2 14 15
2 14 15
2 14 15
2 14 15
2 14 15
2 14 15
2 14 15
2 14 15
2 14 15
2 14 15
2 14 15
2 14 15
2 14 15
2 14 15
2 14 15
2 14 15
2 14 15
2 14 15
2 14 15
2 14 15
2 14 15
2 14 15
2 14 15
2 14 15
2 14 15
2 14 15
2 14 15
2 14 15
2 14 15
2 14 15
2 14 15
2 14 15
2 14 15
2 14 15
2 14 15
2 13 14
2 13 14
2 13 14
2 13 14
2 13 14
2 13 14
2 13 14
2 13 14
2 13 14
2 13 14
2 13 14
2 13 14
2 13 14
2 13 14
2 13 14
2 13 14
2 13 14
2 13 14
2 13 14
2 13 14
2 13 14
2 13 14
2 13 14
2 13 14
2 13 14
2 13 14
2 13 14
2 13 14
2 13 14
2 13 14
2 13 14
2 13 14
2 13 14
2 13 14
2 13 14
2 13 14
2 13 14
2 13 14
2 12 13
2 12 13
2 12 13
2 12 13
2 12 13
2 12 13
2 12 13
2 12 13
2 12 13
2 12 13
2 12 13
2 12 13
2 12 13
2 12 13
2 12 13
2 12 13
2 12 13
2 12 13
2 12 13
2 12 13
2 12 13
2 12 13
2 12 13
2 12 13
2 12 13
2 12 13
2 12 13
2 12 13
2 12 13
2 12 13
2 12 13
2 12 13
2 12 13
2 12 13
2 12 13
2 12 13
2 12 13
2 12 13
2 12 13
2 11 12
2 11 12
2 11 12
2 11 12
2 11 12
2 11 12
2 11 12
2 11 12
2 11 12
2 11 12
2 11 12
2 11 12
2 11 12
2 11 12
2 11 12
2 11 12
2 11 12
2 11 12
2 11 12
2 11 12
2 11 12
2 11 12
2 11 12
2 11 12
2 11 12
2 11 12
2 11 12
2 11 12
2 11 12
2 11 12
2 11 12
2 11 12
2 11 12
2 11 12
2 11 12
2 11 12
2 11 12
2 11 12
2 11 12
2 11 12
2 10 11
2 10 11
2 10 11
2 10 11
2 10 11
2 10 11
2 10 11
2 10 11
2 10 11
2 10 11
2 10 11
2 10 11
2 10 11
2 10 11
2 10 11
2 10 11
2 10 11
2 10 11
2 10 11
2 10 11
2 10 11
2 10 11
2 10 11
2 10 11
2 10 11
2 10 11
2 10 11
2 10 11
2 10 11
2 10 11
2 10 11
2 10 11
2 10 11
2 10 11
2 10 11
2 10 11
2 10 11
2 10 11
2 10 11
2 10 11
2 10 11
2 9 10
2 9 10
2 9 10
2 9 10
2 9 10
2 9 10
2 9 10
2 9 10
2 9 10
2 9 10
2 9 10
2 9 10
2 9 10
2 9 10
2 9 10
2 9 10
2 9 10
2 9 10
2 9 10
2 9 10
2 9 10
2 9 10
2 9 10
2 9 10
2 9 10
2 9 10
2 9 10
2 9 10
2 9 10
2 9 10
2 9 10
2 9 10
2 9 10
2 9 10
2 9 10
2 9 10
2 9 10
2 9 10
2 9 10
2 9 10
2 9 10
2 9 10
2 8 9
2 8 9
2 8 9
2 8 9
2 8 9
2 8 9
2 8 9
2 8 9
2 8 9
2 8 9
2 8 9
2 8 9
2 8 9
2 8 9
2 8 9
2 8 9
2 8 9
2 8 9
2 8 9
2 8 9
2 8 9
2 8 9
2 8 9
2 8 9
2 8 9
2 8 9
2 8 9
2 8 9
2 8 9
2 8 9
2 8 9
2 8 9
2 8 9
2 8 9
2 8 9
2 8 9
2 8 9
2 8 9
2 8 9
2 8 9
2 8 9
2 8 9
2 8 9
2 7 8
2 7 8
2 7 8
2 7 8
2 7 8
2 7 8
2 7 8
2 7 8
2 7 8
2 7 8
2 7 8
2 7 8
2 7 8
2 7 8
2 7 8
2 7 8
2 7 8
2 7 8
2 7 8
2 7 8
2 7 8
2 7 8
2 7 8
2 7 8
2 7 8
2 7 8
2 7 8
2 7 8
2 7 8
2 7 8
2 7 8
2 7 8
2 7 8
2 7 8
2 7 8
2 7 8
2 7 8
2 7 8
2 7 8
2 7 8
2 7 8
2 7 8
2 7 8
2 7 8
2 6 7
2 6 7
2 6 7
2 6 7
2 6 7
2 6 7
2 6 7
2 6 7
2 6 7
2 6 7
2 6 7
2 6 7
2 6 7
2 6 7
2 6 7
2 6 7
2 6 7
2 6 7
2 6 7
2 6 7
2 6 7
2 6 7
2 6 7
2 6 7
2 6 7
2 6 7
2 6 7
2 6 7
2 6 7
2 6 7
2 6 7
2 6 7
2 6 7
2 6 7
2 6 7
2 6 7
2 6 7
2 6 7
2 6 7
2 6 7
2 6 7
2 6 7
2 6 7
2 6 7
2 6 7
2 5 6
2 5 6
2 5 6
2 5 6
2 5 6
2 5 6
2 5 6
2 5 6
2 5 6
2 5 6
2 5 6
2 5 6
2 5 6
2 5 6
2 5 6
2 5 6
2 5 6
2 5 6
2 5 6
2 5 6
2 5 6
2 5 6
2 5 6
2 5 6
2 5 6
2 5 6
2 5 6
2 5 6
2 5 6
2 5 6
2 5 6
2 5 6
2 5 6
2 5 6
2 5 6
2 5 6
2 5 6
2 5 6
2 5 6
2 5 6
2 5 6
2 5 6
2 5 6
2 5 6
2 5 6
2 5 6
2 4 5
2 4 5
2 4 5
2 4 5
2 4 5
2 4 5
2 4 5
2 4 5
2 4 5
2 4 5
2 4 5
2 4 5
2 4 5
2 4 5
2 4 5
2 4 5
2 4 5
2 4 5
2 4 5
2 4 5
2 4 5
2 4 5
2 4 5
2 4 5
2 4 5
2 4 5
2 4 5
2 4 5
2 4 5
2 4 5
2 4 5
2 4 5
2 4 5
2 4 5
2 4 5
2 4 5
2 4 5
2 4 5
2 4 5
2 4 5
2 4 5
2 4 5
2 4 5
2 4 5
2 4 5
2 4 5
2 4 5
2 3 4
2 3 4
2 3 4
2 3 4
2 3 4
2 3 4
2 3 4
2 3 4
2 3 4
2 3 4
2 3 4
2 3 4
2 3 4
2 3 4
2 3 4
2 3 4
2 3 4
2 3 4
2 3 4
2 3 4
2 3 4
2 3 4
2 3 4
2 3 4
2 3 4
2 3 4
2 3 4
2 3 4
2 3 4
2 3 4
2 3 4
2 3 4
2 3 4
2 3 4
2 3 4
2 3 4
2 3 4
2 3 4
2 3 4
2 3 4
2 3 4
2 3 4
2 3 4
2 3 4
2 3 4
2 3 4
2 3 4
2 3 4
2 2 3
2 2 3
2 2 3
2 2 3
2 2 3
2 2 3
2 2 3
2 2 3
2 2 3
2 2 3
2 2 3
2 2 3
2 2 3
2 2 3
2 2 3
2 2 3
2 2 3
2 2 3
2 2 3
2 2 3
2 2 3
2 2 3
2 2 3
2 2 3
2 2 3
2 2 3
2 2 3
2 2 3
2 2 3
2 2 3
2 2 3
2 2 3
2 2 3
2 2 3
2 2 3
2 2 3
2 2 3
2 2 3
2 2 3
2 2 3
2 2 3
2 2 3
2 2 3
2 2 3
2 2 3
2 2 3
2 2 3
2 2 3
2 2 3
2 1 2
2 1 2
2 1 2
2 1 2
2 1 2
2 1 2
2 1 2
2 1 2
2 1 2
2 1 2
2 1 2
2 1 2
2 1 2
2 1 2
2 1 2
2 1 2
2 1 2
2 1 2
2 1 2
2 1 2
2 1 2
2 1 2
2 1 2
2 1 2
2 1 2
2 1 2
2 1 2
2 1 2
2 1 2
2 1 2
2 1 2
2 1 2
2 1 2
2 1 2
2 1 2
2 1 2
2 1 2
2 1 2
2 1 2
2 1 2
2 1 2
2 1 2
2 1 2
2 1 2
2 1 2
2 1 2
2 1 2
2 1 2
2 1 2
2 1 2
