Test-case 1:
5
2 1 2 
2 1 2 
2 3 1 
2 3 2 
2 3 1 

Test-case 2:
200
3 1 5 7 
3 3 25 29 
3 4 9 11 
3 6 16 17 
3 13 20 21 
3 12 15 19 
3 14 27 13 
3 10 18 12 
3 23 24 9 
3 2 30 3 
3 1 11 15 
3 8 26 28 
3 2 16 27 
3 6 10 14 
3 22 18 21 
3 7 20 24 
3 22 14 20 
3 17 26 7 
3 4 8 23 
3 19 25 28 
3 1 2 9 
3 29 8 19 
3 3 6 10 
3 12 17 18 
3 4 22 7 
3 5 30 25 
3 15 1 8 
3 21 23 26 
3 5 24 27 
3 28 29 30 
3 4 12 17 
3 13 9 22 
3 16 14 28 
3 2 24 4 
3 5 19 21 
3 3 6 13 
3 11 16 18 
3 25 7 9 
3 10 30 12 
3 15 29 2 
3 23 26 17 
3 1 5 8 
3 3 18 25 
3 11 27 10 
3 6 5 7 
3 22 2 6 
3 15 23 1 
3 11 16 28 
3 15 23 1 
3 20 14 21 
3 24 27 8 
3 20 30 3 
3 4 9 12 
3 29 16 18 
3 27 9 18 
3 19 11 2 
3 10 17 21 
3 26 19 28 
3 22 29 3 
3 20 5 10 
3 25 26 27 
3 7 23 28 
3 4 15 16 
3 13 30 12 
3 13 14 24 
3 17 22 5 
3 8 13 19 
3 14 26 29 
3 30 9 18 
3 6 11 8 
3 10 11 12 
3 2 7 22 
3 6 17 26 
3 21 13 19 
3 24 23 28 
3 1 15 21 
3 25 3 24 
3 29 19 24 
3 14 16 30 
3 4 27 2 
3 15 18 27 
3 1 5 23 
3 20 7 14 
3 6 8 1 
3 4 9 14 
3 12 21 26 
3 3 13 22 
3 15 22 26 
3 20 16 28 
3 25 11 2 
3 10 18 21 
3 20 3 9 
3 7 8 10 
3 25 11 12 
3 29 19 1 
3 5 13 7 
3 4 24 25 
3 30 27 28 
3 16 3 8 
3 17 4 11 
3 15 16 25 
3 6 17 19 
3 23 30 9 
3 29 6 12 
3 20 23 26 
3 2 17 30 
3 14 24 27 
3 2 7 14 
3 21 15 16 
3 1 4 21 
3 12 17 14 
3 13 18 28 
3 29 9 11 
3 10 18 23 
3 13 28 17 
3 22 3 24 
3 20 8 19 
3 22 1 3 
3 7 15 16 
3 10 26 18 
3 6 2 4 
3 25 27 30 
3 5 29 24 
3 5 19 25 
3 6 8 10 
3 20 21 22 
3 23 1 16 
3 11 28 30 
3 5 9 20 
3 3 5 6 
3 2 9 18 
3 27 29 10 
3 13 11 14 
3 26 15 19 
3 4 22 26 
3 12 17 23 
3 7 24 25 
3 13 20 3 
3 12 29 2 
3 8 10 12 
3 21 27 28 
3 1 6 8 
3 30 4 19 
3 9 27 28 
3 11 16 17 
3 7 15 23 
3 13 14 22 
3 18 26 1 
3 21 7 9 
3 25 3 12 
3 29 2 14 
3 5 24 6 
3 30 10 13 
3 20 15 17 
3 20 21 23 
3 4 11 16 
3 25 28 1 
3 29 30 6 
3 26 3 7 
3 5 22 13 
3 19 24 12 
3 4 15 26 
3 10 16 24 
3 19 23 6 
3 8 18 20 
3 2 17 22 
3 8 18 29 
3 27 5 30 
3 9 4 5 
3 9 15 20 
3 21 25 2 
3 14 27 10 
3 28 1 26 
3 7 17 19 
3 11 14 18 
3 3 11 12 
3 28 2 14 
3 23 5 9 
3 8 24 17 
3 22 25 27 
3 16 21 4 
3 3 6 8 
3 13 1 20 
3 29 24 25 
3 30 11 13 
3 19 27 4 
3 10 15 16 
3 12 18 22 
3 7 21 26 
3 29 2 6 
3 16 18 20 
3 28 30 1 
3 19 24 6 
3 23 12 13 
3 3 5 7 
3 14 17 30 
3 9 23 29 
3 2 4 9 
3 11 22 25 
3 8 26 1 

Test-case 3:
700
3 2 61 65
3 15 24 25
3 16 39 46
3 8 23 24
3 2 19 32
3 23 51 64
3 24 31 60
3 19 20 53
3 30 34 55
3 7 11 45
3 19 21 22
3 9 43 64
3 18 49 58
3 20 23 27
3 18 49 50
3 50 52 55
3 4 20 63
3 13 32 50
3 18 34 51
3 14 15 19
3 14 17 42
3 49 55 66
3 15 24 36
3 16 24 27
3 45 47 58
3 22 32 40
3 8 56 62
3 17 21 68
3 23 54 59
3 36 59 62
3 15 23 68
3 15 17 61
3 15 52 61
3 7 10 41
3 12 17 31
3 14 39 68
3 38 47 48
3 10 13 16
3 18 48 68
3 3 11 56
3 5 32 44
3 7 38 56
3 15 16 60
3 5 7 35
3 11 69 70
3 36 48 63
3 33 36 66
3 41 46 50
3 4 60 62
3 2 12 42
3 2 6 53
3 48 52 68
3 26 62 63
3 41 64 70
3 5 14 56
3 6 28 42
3 9 38 57
3 34 37 42
3 49 50 52
3 5 10 44
3 33 34 53
3 23 62 63
3 22 25 38
3 39 40 43
3 35 39 66
3 4 55 68
3 21 22 32
3 14 16 67
3 3 21 55
3 34 45 54
3 19 48 57
3 23 35 43
3 17 27 51
3 8 14 19
3 13 16 51
3 22 23 60
3 41 56 58
3 26 34 35
3 19 21 22
3 32 34 62
3 34 52 64
3 18 30 44
3 2 32 56
3 17 50 51
3 42 47 56
3 13 52 53
3 11 19 20
3 37 50 61
3 26 45 59
3 30 35 67
3 12 62 64
3 24 28 46
3 10 40 46
3 24 41 59
3 29 32 50
3 67 68 69
3 17 29 45
3 4 7 29
3 40 56 69
3 5 37 42
3 3 12 40
3 2 19 33
3 26 29 59
3 5 32 64
3 15 38 55
3 51 57 59
3 14 31 66
3 18 30 31
3 12 47 53
3 7 8 10
3 20 58 62
3 5 37 65
3 16 51 55
3 39 44 47
3 33 35 63
3 31 56 57
3 27 30 60
3 15 32 63
3 6 42 67
3 1 28 56
3 20 43 66
3 5 25 34
3 2 22 64
3 2 28 61
3 3 66 68
3 17 32 70
3 6 66 68
3 1 18 19
3 5 61 65
3 24 25 50
3 27 53 54
3 1 37 49
3 21 26 42
3 6 21 60
3 24 25 30
3 32 33 35
3 1 33 64
3 9 14 31
3 12 13 41
3 1 7 30
3 31 34 54
3 28 46 57
3 16 24 51
3 18 28 35
3 26 59 61
3 49 60 67
3 26 59 68
3 42 47 68
3 20 22 36
3 46 61 62
3 49 57 59
3 4 6 29
3 3 54 69
3 25 38 41
3 30 32 63
3 8 39 65
3 28 29 33
3 43 47 56
3 53 60 68
3 10 33 62
3 29 37 70
3 10 35 52
3 2 13 52
3 3 4 21
3 4 8 36
3 41 58 66
3 43 50 51
3 31 33 64
3 3 8 26
3 22 56 66
3 8 44 57
3 7 61 63
3 64 67 69
3 10 49 70
3 25 40 53
3 16 39 47
3 7 38 39
3 9 10 39
3 3 46 69
3 67 69 70
3 2 27 37
3 14 43 62
3 1 30 69
3 6 33 50
3 31 33 64
3 20 23 54
3 12 51 54
3 52 57 62
3 12 27 61
3 55 58 70
3 7 22 68
3 6 10 30
3 22 27 66
3 13 38 52
3 8 11 26
3 14 28 53
3 1 55 65
3 28 30 57
3 42 44 48
3 2 26 51
3 24 49 54
3 12 38 43
3 45 56 59
3 25 27 55
3 11 28 37
3 3 57 58
3 22 26 52
3 2 36 68
3 17 22 28
3 23 29 60
3 32 35 65
3 9 15 46
3 5 9 10
3 5 7 70
3 34 52 65
3 38 61 62
3 9 19 54
3 12 42 56
3 25 45 48
3 13 22 62
3 18 19 59
3 12 41 51
3 53 56 58
3 36 40 44
3 10 12 43
3 6 17 24
3 44 53 63
3 9 23 45
3 3 6 8
3 25 29 49
3 22 37 56
3 12 36 68
3 44 52 65
3 25 39 61
3 5 8 52
3 3 54 65
3 8 60 64
3 3 31 69
3 18 48 62
3 6 58 68
3 26 40 70
3 40 59 69
3 11 37 45
3 43 51 63
3 4 63 66
3 1 9 43
3 15 38 68
3 8 15 43
3 40 43 46
3 2 13 14
3 11 34 50
3 15 48 70
3 14 46 70
3 29 30 47
3 3 55 56
3 41 64 67
3 16 21 47
3 16 36 41
3 13 19 39
3 2 20 51
3 3 7 17
3 7 31 41
3 4 12 32
3 8 44 61
3 10 36 66
3 3 8 18
3 25 34 45
3 29 51 59
3 6 32 48
3 14 15 44
3 4 37 67
3 1 42 53
3 8 12 48
3 16 20 22
3 2 38 60
3 13 31 69
3 23 40 65
3 18 19 70
3 4 17 45
3 5 34 63
3 34 45 48
3 11 22 43
3 9 17 29
3 33 36 67
3 6 21 55
3 37 51 54
3 25 54 67
3 22 24 42
3 38 48 59
3 28 42 65
3 19 29 34
3 11 17 49
3 15 38 44
3 6 8 58
3 5 41 68
3 30 50 51
3 24 49 60
3 1 30 67
3 13 22 33
3 11 15 18
3 19 23 33
3 8 21 59
3 8 36 40
3 11 27 33
3 53 59 61
3 16 52 70
3 21 56 67
3 28 40 59
3 21 39 58
3 38 69 70
3 12 24 28
3 35 40 67
3 20 42 58
3 17 41 51
3 14 19 53
3 3 47 68
3 1 6 9
3 7 17 57
3 31 45 66
3 2 4 55
3 8 14 38
3 10 11 19
3 53 64 65
3 14 24 54
3 1 6 33
3 42 44 68
3 11 42 57
3 13 15 16
3 28 45 55
3 8 9 68
3 14 38 43
3 4 18 44
3 26 46 55
3 40 55 61
3 44 46 59
3 6 13 49
3 15 19 39
3 32 54 70
3 17 22 28
3 1 25 66
3 4 50 63
3 27 35 36
3 18 46 47
3 23 36 69
3 19 53 58
3 22 50 58
3 18 34 39
3 16 30 65
3 2 20 39
3 31 34 69
3 6 18 47
3 26 31 41
3 44 51 66
3 22 27 59
3 30 32 37
3 12 29 34
3 17 18 47
3 33 42 60
3 29 65 67
3 5 17 24
3 16 50 60
3 13 37 41
3 9 50 53
3 35 57 66
3 1 35 58
3 17 54 58
3 40 51 58
3 12 13 36
3 6 9 68
3 5 11 44
3 19 52 63
3 11 39 40
3 27 58 61
3 35 65 67
3 5 37 38
3 10 25 39
3 5 41 64
3 19 24 54
3 11 23 32
3 41 58 70
3 23 42 61
3 2 17 46
3 17 40 48
3 23 25 28
3 2 8 12
3 4 24 35
3 1 10 26
3 26 31 56
3 16 46 60
3 13 48 65
3 36 63 70
3 49 53 61
3 47 65 70
3 23 24 52
3 4 8 14
3 25 33 37
3 28 37 40
3 34 42 67
3 25 26 55
3 27 31 35
3 20 47 50
3 1 2 7
3 6 36 38
3 4 11 45
3 6 40 53
3 15 27 45
3 19 62 63
3 6 14 66
3 31 35 40
3 16 25 27
3 18 43 61
3 22 23 42
3 11 45 51
3 28 59 62
3 4 20 27
3 13 58 60
3 20 30 36
3 30 41 57
3 3 31 33
3 32 43 44
3 5 7 17
3 9 50 55
3 20 27 67
3 15 52 60
3 10 12 16
3 27 35 57
3 4 20 35
3 23 39 46
3 17 38 64
3 27 57 60
3 43 44 45
3 3 25 59
3 27 45 54
3 29 35 64
3 38 42 50
3 15 16 49
3 29 51 60
3 21 55 56
3 8 12 44
3 56 62 69
3 56 66 67
3 23 32 33
3 5 16 69
3 2 35 52
3 32 62 66
3 49 52 57
3 23 47 55
3 34 40 43
3 20 54 63
3 27 44 62
3 49 53 54
3 10 37 39
3 2 31 33
3 36 48 49
3 24 29 42
3 16 59 69
3 10 20 43
3 2 30 70
3 4 37 52
3 11 49 52
3 14 24 64
3 14 25 40
3 4 37 57
3 21 57 61
3 9 10 41
3 25 63 64
3 31 41 42
3 34 35 65
3 6 55 70
3 21 44 47
3 9 14 60
3 18 48 53
3 40 45 51
3 22 47 53
3 58 61 66
3 51 52 53
3 13 21 70
3 14 39 47
3 1 2 39
3 7 9 42
3 14 30 45
3 31 33 42
3 46 55 56
3 7 12 58
3 2 6 8
3 26 45 66
3 33 35 50
3 26 64 70
3 5 7 50
3 3 26 30
3 30 34 67
3 26 38 49
3 47 54 62
3 8 13 37
3 49 56 61
3 23 39 69
3 25 28 49
3 9 20 58
3 5 15 34
3 64 65 66
3 17 25 47
3 18 28 31
3 13 19 23
3 12 43 61
3 14 24 32
3 22 48 56
3 4 24 62
3 27 29 64
3 26 28 61
3 48 65 69
3 3 54 58
3 7 38 68
3 1 29 70
3 41 53 59
3 46 61 63
3 13 15 21
3 46 48 53
3 9 25 59
3 1 21 32
3 32 36 62
3 10 43 68
3 20 21 48
3 15 17 19
3 45 59 69
3 5 39 40
3 30 37 61
3 29 35 54
3 19 26 28
3 17 31 69
3 9 43 45
3 2 33 55
3 9 23 47
3 7 10 56
3 2 29 65
3 2 60 67
3 43 55 58
3 25 49 51
3 1 21 39
3 3 5 10
3 1 4 68
3 8 33 52
3 32 39 46
3 5 28 60
3 17 48 57
3 12 16 18
3 49 57 65
3 21 28 36
3 38 57 67
3 30 38 43
3 3 6 37
3 14 15 63
3 38 65 67
3 21 57 62
3 3 34 48
3 30 32 67
3 31 34 43
3 7 69 70
3 57 67 68
3 20 46 53
3 27 29 63
3 9 13 18
3 16 20 64
3 3 10 33
3 26 53 69
3 23 44 50
3 39 49 58
3 28 45 48
3 7 11 22
3 3 11 20
3 1 43 69
3 38 62 65
3 11 46 47
3 19 54 62
3 10 15 31
3 39 64 65
3 1 5 70
3 17 57 67
3 20 27 36
3 44 56 66
3 4 26 64
3 48 51 55
3 29 54 57
3 11 44 46
3 30 32 70
3 7 11 42
3 46 64 66
3 45 52 54
3 3 8 13
3 5 60 69
3 1 36 70
3 22 26 59
3 19 47 60
3 3 28 29
3 46 53 64
3 23 24 51
3 4 12 63
3 4 37 66
3 1 3 23
3 40 45 54
3 9 21 44
3 9 15 41
3 1 2 38
3 12 27 35
3 6 24 35
3 12 39 42
3 41 50 52
3 16 40 43
3 16 20 21
3 11 45 46
3 7 15 20
3 36 49 57
3 16 22 68
3 49 59 69
3 34 53 60
3 61 62 66
3 9 14 40
3 14 35 63
3 39 43 63
3 5 69 70
3 6 60 66
3 13 16 34
3 30 33 66
3 51 54 61
3 24 28 29
3 13 45 48
3 1 2 55
3 11 42 44
3 19 26 30
3 50 55 70
3 3 59 65
3 10 44 57
3 11 15 44
3 24 25 41
3 7 27 52
3 37 42 50
3 16 46 52
3 48 59 65
3 23 28 54
3 12 37 38
3 19 20 58
3 50 51 57
3 9 40 43
3 18 53 56
3 13 63 65
3 30 31 38
3 36 63 67
3 4 29 57
3 21 28 49
3 31 33 63
3 27 33 61
3 29 32 37
3 11 50 65
3 10 50 55
3 4 8 62
3 16 46 51
3 35 54 60
3 6 18 48
3 21 26 55
3 26 47 66
3 6 36 66
3 3 41 68
3 10 18 49
3 21 34 37
3 5 46 48
3 5 22 36
3 30 52 65
3 18 20 50
3 22 41 56
3 12 21 47
3 6 18 59
3 17 47 48
3 21 33 60
3 1 55 64
3 1 25 31
3 1 24 58
3 10 39 63
3 4 9 12
3 27 62 67
3 10 20 49
3 11 41 60
3 47 64 69
3 7 34 69
3 9 18 37
3 27 29 35
3 7 29 67
3 24 54 58
3 8 13 14
3 9 32 52
3 15 36 44
3 25 31 41
3 14 40 47
3 13 41 68
3 1 7 46
3 56 60 63
3 4 23 62
3 7 61 63
3 25 36 37
3 5 58 70
3 13 18 45
3 2 26 64

Test-case 4:
900
3 2 6 17 
3 24 35 42 
3 9 18 29 
3 50 51 61 
3 3 13 23 
3 12 19 31 
3 14 21 39 
3 4 56 62 
3 25 26 30 
3 15 57 59 
3 45 49 55 
3 8 16 38 
3 7 32 48 
3 1 22 47 
3 11 54 63 
3 40 60 76 
3 5 27 36 
3 90 8 29 
3 10 33 71 
3 46 52 58 
3 37 69 72 
3 34 67 79 
3 28 73 78 
3 88 89 1 
3 68 82 86 
3 64 70 80 
3 83 84 2 
3 75 81 3 
3 74 6 10 
3 53 77 12 
3 41 87 4 
3 9 11 22 
3 13 15 16 
3 44 65 23 
3 66 30 34 
3 20 33 48 
3 7 21 49 
3 20 27 50 
3 85 14 24 
3 26 40 51 
3 43 35 36 
3 37 39 42 
3 18 58 59 
3 31 38 52 
3 46 62 66 
3 53 55 63 
3 56 83 86 
3 65 73 80 
3 32 41 44 
3 47 64 68 
3 17 43 76 
3 71 74 75 
3 19 25 69 
3 87 8 25 
3 9 13 52 
3 84 16 23 
3 28 61 90 
3 45 70 72 
3 89 17 18 
3 79 82 11 
3 24 27 28 
3 54 57 88 
3 85 12 21 
3 30 31 33 
3 10 37 46 
3 3 40 47 
3 15 32 38 
3 77 19 39 
3 35 36 48 
3 7 29 44 
3 60 6 14 
3 67 49 58 
3 4 22 57 
3 78 54 65 
3 2 20 26 
3 45 50 64 
3 41 42 51 
3 66 67 72 
3 34 68 74 
3 5 55 56 
3 84 17 36 
3 61 79 80 
3 3 12 13 
3 82 20 44 
3 5 62 71 
3 70 88 18 
3 81 53 87 
3 78 6 46 
3 85 86 33 
3 75 9 50 
3 1 60 69 
3 90 2 25 
3 76 89 8 
3 73 30 39 
3 59 5 7 
3 81 4 35 
3 26 29 48 
3 43 77 83 
3 11 28 37 
3 34 52 56 
3 38 55 66 
3 10 27 60 
3 84 89 26 
3 40 70 90 
3 1 32 41 
3 23 45 47 
3 63 53 62 
3 71 73 78 
3 63 74 45 
3 14 61 9 
3 15 19 30 
3 59 69 82 
3 2 8 47 
3 57 58 64 
3 42 81 36 
3 3 12 17 
3 85 6 7 
3 72 86 46 
3 49 65 48 
3 10 18 81 
3 31 67 76 
3 24 31 85 
3 83 33 39 
3 75 88 14 
3 51 79 80 
3 54 4 25 
3 15 42 60 
3 23 29 34 
3 87 20 50 
3 21 63 67 
3 22 43 13 
3 21 28 69 
3 11 22 49 
3 77 1 27 
3 19 38 57 
3 16 37 44 
3 58 66 71 
3 16 51 61 
3 68 32 53 
3 52 54 65 
3 43 59 62 
3 75 83 88 
3 64 70 6 
3 35 16 36 
3 24 55 87 
3 41 73 74 
3 86 3 14 
3 4 19 28 
3 76 77 27 
3 72 82 2 
3 41 42 54 
3 5 40 84 
3 79 90 10 
3 20 32 33 
3 68 89 1 
3 5 12 13 
3 56 21 49 
3 24 25 38 
3 7 18 23 
3 11 35 46 
3 15 17 34 
3 37 40 50 
3 8 26 56 
3 31 52 70 
3 80 9 29 
3 22 55 61 
3 74 1 6 
3 51 72 9 
3 69 75 89 
3 30 45 62 
3 39 47 57 
3 48 63 66 
3 44 65 3 
3 68 71 79 
3 64 67 77 
3 78 53 80 
3 60 76 84 
3 58 85 87 
3 59 24 27 
3 81 4 13 
3 86 17 51 
3 83 14 26 
3 90 7 30 
3 11 23 64 
3 88 2 22 
3 12 16 19 
3 10 33 34 
3 25 29 38 
3 15 44 70 
3 21 32 36 
3 43 78 5 
3 59 63 69 
3 28 39 54 
3 40 56 57 
3 48 58 86 
3 46 47 71 
3 31 55 61 
3 75 80 81 
3 18 85 90 
3 82 35 50 
3 37 42 45 
3 41 76 84 
3 43 82 10 
3 73 53 72 
3 60 65 66 
3 8 52 67 
3 87 14 41 
3 21 26 29 
3 88 7 12 
3 73 77 89 
3 49 74 34 
3 20 83 9 
3 1 2 25 
3 4 31 32 
3 79 15 16 
3 24 54 55 
3 18 22 38 
3 78 8 30 
3 23 28 36 
3 68 13 50 
3 27 45 51 
3 11 76 77 
3 61 74 80 
3 3 43 46 
3 47 48 70 
3 58 64 79 
3 39 63 78 
3 17 33 52 
3 62 6 35 
3 40 49 57 
3 56 62 71 
3 42 73 90 
3 44 53 81 
3 87 12 13 
3 7 8 9 
3 5 65 75 
3 5 40 74 
3 66 21 33 
3 59 60 69 
3 20 67 30 
3 85 89 4 
3 83 6 10 
3 82 84 2 
3 68 3 15 
3 43 54 56 
3 1 18 31 
3 37 86 88 
3 17 20 24 
3 16 38 62 
3 19 27 32 
3 72 23 29 
3 36 42 47 
3 11 14 19 
3 58 61 82 
3 52 76 79 
3 22 49 50 
3 44 57 71 
3 26 48 59 
3 60 65 66 
3 28 45 53 
3 88 8 32 
3 85 86 3 
3 34 37 89 
3 78 9 13 
3 39 77 83 
3 46 64 69 
3 63 67 1 
3 35 70 11 
3 39 42 45 
3 31 50 79 
3 25 68 73 
3 80 90 12 
3 41 81 84 
3 55 87 14 
3 4 5 17 
3 72 18 26 
3 16 22 34 
3 75 10 19 
3 21 35 36 
3 6 49 56 
3 29 57 60 
3 25 33 47 
3 38 54 58 
3 46 63 76 
3 15 27 30 
3 51 52 61 
3 20 41 44 
3 51 59 72 
3 78 25 30 
3 23 48 65 
3 55 62 64 
3 74 83 20 
3 77 14 31 
3 53 66 81 
3 28 67 69 
3 24 68 70 
3 2 7 75 
3 84 85 86 
3 80 4 7 
3 89 2 29 
3 11 21 34 
3 43 87 90 
3 41 44 54 
3 82 88 6 
3 8 12 32 
3 73 18 19 
3 1 9 16 
3 13 35 39 
3 62 82 9 
3 71 5 26 
3 3 24 27 
3 37 33 49 
3 48 53 65 
3 36 52 56 
3 40 67 80 
3 40 43 46 
3 15 38 47 
3 17 45 57 
3 23 61 72 
3 28 37 60 
3 50 55 58 
3 51 70 71 
3 68 84 25 
3 59 69 75 
3 42 78 83 
3 63 1 2 
3 64 66 86 
3 22 4 26 
3 76 81 7 
3 27 31 45 
3 89 30 34 
3 74 88 22 
3 10 87 12 
3 6 11 16 
3 14 19 28 
3 42 51 52 
3 77 5 13 
3 17 18 24 
3 73 90 3 
3 49 65 66 
3 10 37 39 
3 79 20 41 
3 8 15 36 
3 53 59 67 
3 40 73 4 
3 29 76 77 
3 44 46 57 
3 23 62 69 
3 85 21 48 
3 33 38 71 
3 54 64 75 
3 55 60 68 
3 35 43 47 
3 50 58 79 
3 72 81 85 
3 70 82 87 
3 61 80 27 
3 56 83 84 
3 74 5 9 
3 63 2 11 
3 88 8 23 
3 78 7 12 
3 13 17 28 
3 86 14 16 
3 90 6 19 
3 89 21 26 
3 1 3 10 
3 20 43 52 
3 22 29 31 
3 35 41 56 
3 34 57 68 
3 32 38 40 
3 25 39 42 
3 53 60 61 
3 18 36 67 
3 24 63 65 
3 50 62 69 
3 37 54 55 
3 30 44 47 
3 73 76 78 
3 51 70 88 
3 46 81 13 
3 64 82 83 
3 79 23 26 
3 32 66 10 
3 58 59 75 
3 15 87 90 
3 33 77 8 
3 48 11 25 
3 49 80 7 
3 1 38 49 
3 16 19 27 
3 85 12 24 
3 31 32 50 
3 71 20 29 
3 84 15 36 
3 2 28 44 
3 89 6 9 
3 72 22 58 
3 45 5 21 
3 4 18 35 
3 42 82 7 
3 14 33 45 
3 39 40 43 
3 17 54 78 
3 69 70 73 
3 34 64 67 
3 47 57 81 
3 74 37 41 
3 51 66 71 
3 55 72 77 
3 60 63 85 
3 3 48 62 
3 56 59 79 
3 61 74 23 
3 84 25 42 
3 30 65 76 
3 46 52 53 
3 68 87 2 
3 75 83 90 
3 80 18 20 
3 88 4 5 
3 3 14 29 
3 10 11 22 
3 86 1 6 
3 19 31 38 
3 89 15 28 
3 13 17 30 
3 8 16 24 
3 12 21 27 
3 33 46 49 
3 39 53 55 
3 41 57 60 
3 9 40 43 
3 32 47 54 
3 26 52 58 
3 37 48 51 
3 88 5 11 
3 69 1 6 
3 34 45 56 
3 36 81 22 
3 12 19 32 
3 44 61 70 
3 76 15 55 
3 89 46 76 
3 35 50 63 
3 86 65 71 
3 73 87 3 
3 67 74 77 
3 79 14 16 
3 66 75 47 
3 37 38 49 
3 62 78 84 
3 90 17 25 
3 59 64 68 
3 72 9 29 
3 80 83 21 
3 85 2 13 
3 20 23 39 
3 7 26 34 
3 10 24 31 
3 48 56 68 
3 8 35 57 
3 86 18 36 
3 27 33 60 
3 81 85 89 
3 42 59 67 
3 30 54 70 
3 28 41 43 
3 40 9 22 
3 44 45 63 
3 74 83 5 
3 52 64 65 
3 73 77 28 
3 79 8 15 
3 75 80 19 
3 50 62 88 
3 86 2 20 
3 61 3 21 
3 4 69 6 
3 66 71 78 
3 63 64 76 
3 82 53 4 
3 84 10 13 
3 58 82 87 
3 39 44 57 
3 37 56 73 
3 12 16 27 
3 72 14 24 
3 36 53 58 
3 18 25 33 
3 29 30 62 
3 40 45 46 
3 7 23 34 
3 78 81 86 
3 1 35 47 
3 50 55 68 
3 90 38 59 
3 87 4 6 
3 43 52 13 
3 11 26 41 
3 31 65 67 
3 17 88 90 
3 48 69 85 
3 54 61 10 
3 70 71 80 
3 32 74 11 
3 79 1 14 
3 83 2 8 
3 51 84 9 
3 42 16 21 
3 82 25 39 
3 89 18 30 
3 34 84 8 
3 66 5 12 
3 51 72 27 
3 15 17 36 
3 75 23 26 
3 22 32 43 
3 41 61 63 
3 20 28 37 
3 24 29 31 
3 19 42 56 
3 55 19 23 
3 54 72 76 
3 77 46 50 
3 35 51 64 
3 71 78 81 
3 7 44 47 
3 40 59 62 
3 9 11 12 
3 67 69 75 
3 52 70 15 
3 53 73 80 
3 48 74 89 
3 3 45 77 
3 60 66 79 
3 83 87 4 
3 68 21 26 
3 49 18 66 
3 60 65 85 
3 90 5 7 
3 38 86 14 
3 1 10 51 
3 49 82 88 
3 2 17 24 
3 57 34 49 
3 27 37 53 
3 3 38 55 
3 33 58 16 
3 22 30 69 
3 13 29 31 
3 40 41 42 
3 36 45 60 
3 75 82 85 
3 35 43 59 
3 44 46 62 
3 54 41 44 
3 6 20 32 
3 73 81 88 
3 1 3 10 
3 52 63 72 
3 50 68 83 
3 4 5 24 
3 28 57 61 
3 64 79 86 
3 70 84 17 
3 33 48 2 
3 77 90 9 
3 25 87 89 
3 58 74 28 
3 76 42 61 
3 65 13 16 
3 11 18 19 
3 8 32 50 
3 29 37 38 
3 71 78 80 
3 67 14 15 
3 47 56 36 
3 40 63 17 
3 7 30 43 
3 12 34 35 
3 47 67 68 
3 52 53 55 
3 25 48 87 
3 22 23 57 
3 20 54 4 
3 39 60 79 
3 6 39 46 
3 66 73 82 
3 27 33 65 
3 37 40 47 
3 21 26 58 
3 69 78 84 
3 59 72 77 
3 51 71 83 
3 75 81 90 
3 10 19 23 
3 56 76 6 
3 31 88 1 
3 49 62 89 
3 74 8 12 
3 39 46 82 
3 22 44 57 
3 21 27 34 
3 70 3 9 
3 45 80 2 
3 64 26 87 
3 7 45 48 
3 85 11 41 
3 15 24 32 
3 30 33 59 
3 13 25 31 
3 16 29 55 
3 20 51 67 
3 86 14 54 
3 63 40 46 
3 18 64 81 
3 52 69 74 
3 35 61 71 
3 60 68 70 
3 38 42 49 
3 5 79 90 
3 36 56 62 
3 78 4 9 
3 88 5 7 
3 43 58 72 
3 28 2 8 
3 12 17 20 
3 50 75 76 
3 53 73 77 
3 84 15 21 
3 1 22 31 
3 65 83 24 
3 11 34 55 
3 3 10 25 
3 14 64 65 
3 80 13 35 
3 85 16 27 
3 75 84 9 
3 66 23 33 
3 30 42 43 
3 41 52 53 
3 86 6 29 
3 19 39 48 
3 37 50 67 
3 49 56 57 
3 47 58 70 
3 28 62 66 
3 26 71 80 
3 32 61 78 
3 18 51 31 
3 36 83 90 
3 63 2 26 
3 60 8 12 
3 7 16 53 
3 74 82 85 
3 73 81 11 
3 13 51 67 
3 3 36 39 
3 38 54 68 
3 77 88 32 
3 45 1 4 
3 44 10 20 
3 72 87 19 
3 89 21 30 
3 47 60 74 
3 69 89 14 
3 15 42 65 
3 86 25 28 
3 5 22 24 
3 6 68 73 
3 79 17 35 
3 23 72 1 
3 37 44 56 
3 43 45 90 
3 33 61 75 
3 48 89 26 
3 33 36 48 
3 86 10 15 
3 69 77 79 
3 9 14 36 
3 76 49 50 
3 52 76 82 
3 41 58 8 
3 18 70 78 
3 57 71 85 
3 29 38 40 
3 11 18 38 
3 64 88 29 
3 46 87 12 
3 34 31 35 
3 59 84 22 
3 54 63 24 
3 4 13 23 
3 62 83 5 
3 37 64 86 
3 27 81 2 
3 7 20 28 
3 21 27 47 
3 59 6 30 
3 19 54 68 
3 55 40 41 
3 52 83 7 
3 66 16 42 
3 62 65 79 
3 46 55 57 
3 51 76 85 
3 3 32 44 
3 43 53 56 
3 87 15 40 
3 34 61 67 
3 80 60 63 
3 59 5 10 
3 39 74 1 
3 13 19 33 
3 45 50 58 
3 25 72 77 
3 17 88 3 
3 84 14 45 
3 70 4 48 
3 49 71 27 
3 78 90 18 
3 28 39 47 
3 66 75 8 
3 81 82 53 
3 23 29 41 
3 35 58 77 
3 73 80 26 
3 69 12 31 
3 25 38 43 
3 20 46 71 
3 9 16 21 
3 11 30 44 
3 6 17 64 
3 54 55 60 
3 57 73 80 
3 89 24 42 
3 52 83 12 
3 2 51 59 
3 22 70 74 
3 65 67 78 
3 49 87 3 
3 63 66 79 
3 56 69 72 
3 82 25 26 
3 62 81 89 
3 86 1 10 
3 34 68 75 
3 61 84 17 
3 15 20 31 
3 37 88 90 
3 85 2 8 
3 50 76 4 
3 14 24 27 
3 32 56 87 
3 9 18 32 
3 5 16 30 
3 40 42 47 
3 36 49 51 
3 13 19 52 
3 21 39 62 
3 6 37 48 
3 23 33 43 
3 11 53 58 
3 22 34 64 
3 44 46 50 
3 28 41 54 
3 68 81 17 
3 57 60 77 
3 29 72 74 
3 7 80 83 
3 35 3 18 
3 59 61 69 
3 55 79 82 
3 4 10 19 
3 71 11 37 
3 65 32 39 
3 63 73 85 
3 38 67 75 
3 8 13 23 
3 6 7 21 
3 27 47 69 
3 66 25 48 
3 78 38 54 
3 86 12 53 
3 45 84 5 
3 76 14 28 
3 30 33 34 
3 70 2 15 
3 42 44 73 
3 29 46 49 
3 51 52 58 
3 88 1 26 
3 22 35 40 
3 5 6 8 
3 90 31 36 
3 41 56 64 
3 79 3 37 
3 50 57 71 
3 84 4 17 
3 60 81 83 
3 24 67 88 
3 89 70 72 
3 16 78 85 
3 20 1 41 
3 55 59 18 
3 66 12 15 
3 65 76 82 
3 62 74 2 
3 43 77 16 
3 90 7 11 
3 61 89 13 
3 63 21 28 
3 22 62 64 
3 87 26 32 
3 45 52 61 
3 29 50 55 
3 19 24 33 
3 68 86 25 
3 30 46 63 
3 43 48 58 
3 9 20 35 
3 31 59 71 
3 80 10 14 
3 75 36 47 
3 49 88 15 
3 23 69 74 
3 34 38 40 
3 44 80 3 
3 57 72 81 
3 51 54 60 
3 66 79 83 
3 75 90 4 
3 56 77 85 
3 89 11 47 
3 42 8 43 
3 9 70 76 
3 53 28 8 
3 18 26 37 
3 27 84 87 
3 65 82 42 
3 39 6 24 
3 67 9 38 
3 78 17 25 
3 86 10 27 
3 1 12 14 
3 68 36 49 
3 30 32 40 
3 21 29 33 
3 20 48 52 
3 34 58 63 
3 31 41 44 
3 39 54 61 
3 5 19 22 
3 23 35 46 
3 70 3 4 
3 74 14 15 
3 73 16 53 
3 45 2 55 
3 62 73 76 
3 7 66 86 
3 50 60 64 
3 13 45 84 
3 51 20 21 
3 57 11 17 
3 72 90 1 
3 22 29 34 
3 10 41 49 
3 33 66 4 
3 56 78 85 
3 83 19 48 
3 65 82 12 
3 32 62 73 
3 67 80 81 
3 59 5 28 
3 89 18 31 
3 7 47 54 
3 77 30 36 
3 76 15 34 
3 75 9 37 
3 39 53 75 
3 79 51 55 
3 16 23 58 
3 87 88 42 
3 6 26 35 
3 46 52 64 
3 68 71 38 
3 59 61 81 
3 40 74 77 
3 24 27 44 
3 69 56 60 
3 13 50 80 
3 78 85 3 
3 45 63 65 
3 43 72 84 
3 19 31 78 
3 69 29 40 
3 2 25 67 
3 70 79 1 

Test-case 5:
300
3 9 13 14 
3 3 17 19 
3 7 10 12 
3 24 27 3 
3 2 5 6 
3 1 4 16 
3 23 16 17 
3 21 22 26 
3 11 15 29 
3 20 28 1 
3 25 10 11 
3 8 4 7 
3 6 13 22 
3 2 12 27 
3 30 8 20 
3 5 9 14 
3 15 19 8 
3 21 26 6 
3 25 5 7 
3 30 4 9 
3 23 29 30 
3 3 12 14 
3 24 22 5 
3 28 13 19 
3 1 17 23 
3 10 25 28 
3 18 24 6 
3 2 15 26 
3 11 16 21 
3 1 7 9 
3 29 3 12 
3 4 19 21 
3 23 28 1 
3 11 22 26 
3 15 16 29 
3 27 3 11 
3 18 2 16 
3 10 17 25 
3 18 14 24 
3 20 6 17 
3 8 13 18 
3 4 5 7 
3 23 25 29 
3 8 10 28 
3 20 9 15 
3 30 2 12 
3 19 20 21 
3 30 8 9 
3 5 7 10 
3 24 26 17 
3 2 4 25 
3 22 6 24 
3 13 14 1 
3 27 11 16 
3 23 2 9 
3 3 13 15 
3 28 30 1 
3 21 22 4 
3 29 3 5 
3 20 8 11 
3 17 23 30 
3 6 15 1 
3 27 7 22 
3 12 27 16 
3 26 24 5 
3 18 12 25 
3 3 6 8 
3 14 18 4 
3 19 27 24 
3 10 18 20 
3 26 15 22 
3 2 12 17 
3 14 10 23 
3 21 20 25 
3 19 11 26 
3 13 7 16 
3 28 30 1 
3 21 28 6 
3 14 18 5 
3 29 8 17 
3 9 19 3 
3 9 10 20 
3 13 12 23 
3 2 18 25 
3 13 21 22 
3 29 11 28 
3 15 10 20 
3 4 16 30 
3 26 6 13 
3 29 11 22 
3 27 14 19 
3 1 5 8 
3 3 17 18 
3 24 14 23 
3 7 4 19 
3 16 21 30 
3 2 11 14 
3 27 12 15 
3 9 25 27 
3 1 4 9 
3 26 29 2 
3 7 24 28 
3 15 17 21 
3 3 18 19 
3 8 20 25 
3 5 12 28 
3 6 22 26 
3 7 13 16 
3 23 30 6 
3 29 3 21 
3 24 27 1 
3 5 11 22 
3 12 13 17 
3 2 19 20 
3 15 23 30 
3 10 4 29 
3 14 16 18 
3 1 3 4 
3 8 25 27 
3 7 2 11 
3 26 7 16 
3 10 14 23 
3 28 12 15 
3 9 24 8 
3 5 10 18 
3 9 20 25 
3 22 26 28 
3 13 19 21 
3 27 2 14 
3 6 17 4 
3 5 10 18 
3 24 13 23 
3 30 6 17 
3 29 16 22 
3 1 11 21 
3 8 20 28 
3 3 7 15 
3 24 25 27 
3 12 19 8 
3 1 4 13 
3 26 29 30 
3 15 21 22 
3 9 5 25 
3 6 12 17 
3 3 7 10 
3 29 1 4 
3 16 18 23 
3 19 15 22 
3 9 20 24 
3 2 14 30 
3 28 3 5 
3 26 7 21 
3 27 8 17 
3 2 10 5 
3 9 12 14 
3 11 19 23 
3 13 16 18 
3 11 29 30 
3 20 28 10 
3 27 15 17 
3 6 2 9 
3 3 14 21 
3 4 6 16 
3 1 12 14 
3 27 28 30 
3 9 10 12 
3 11 18 19 
3 29 18 21 
3 7 22 1 
3 23 2 5 
3 24 8 19 
3 25 3 8 
3 24 25 7 
3 26 20 27 
3 13 4 6 
3 11 20 28 
3 29 1 3 
3 23 30 2 
3 15 6 7 
3 24 8 11 
3 17 22 9 
3 26 25 12 
3 10 24 27 
3 15 17 18 
3 14 25 30 
3 20 21 22 
3 26 19 28 
3 23 1 2 
3 13 4 7 
3 13 22 25 
3 29 8 10 
3 26 4 18 
3 9 17 4 
3 11 12 19 
3 8 10 11 
3 15 28 29 
3 20 27 12 
3 3 6 10 
3 23 26 1 
3 3 23 26 
3 5 15 18 
3 21 6 25 
3 5 30 9 
3 14 19 27 
3 13 24 2 
3 22 30 11 
3 21 3 15 
3 20 24 29 
3 16 5 13 
3 28 2 4 
3 16 5 9 
3 17 8 20 
3 17 25 3 
3 6 10 11 
3 1 19 22 
3 7 12 13 
3 23 24 27 
3 16 6 12 
3 16 18 28 
3 14 21 2 
3 14 8 15 
3 30 4 18 
3 7 13 2 
3 17 20 21 
3 26 29 19 
3 1 9 24 
3 7 14 23 
3 3 9 11 
3 16 22 25 
3 16 27 13 
3 1 8 14 
3 5 16 24 
3 4 7 15 
3 5 12 19 
3 26 28 6 
3 23 27 28 
3 30 10 3 
3 29 6 7 
3 21 25 29 
3 16 21 25 
3 22 26 23 
3 2 9 22 
3 5 10 15 
3 12 13 14 
3 30 11 28 
3 18 8 5 
3 19 27 30 
3 24 7 12 
3 17 20 4 
3 17 20 14 
3 1 26 29 
3 6 8 9 
3 10 22 23 
3 3 19 24 
3 18 6 9 
3 2 17 12 
3 4 11 26 
3 15 28 29 
3 13 16 7 
3 5 8 19 
3 27 30 16 
3 3 4 13 
3 22 23 24 
3 1 18 15 
3 1 2 29 
3 11 18 28 
3 25 30 3 
3 20 21 14 
3 20 25 6 
3 10 27 11 
3 17 1 2 
3 26 8 9 
3 14 15 20 
3 4 13 22 
3 21 23 28 
3 12 16 29 
3 19 27 30 
3 5 7 18 
3 21 4 7 
3 24 1 13 
3 12 14 15 
3 10 17 26 
3 2 6 27 
3 3 8 9 
3 16 18 19 
3 10 11 23 
3 20 21 3 
3 24 1 7 
3 2 8 12 
3 25 9 15 
3 5 11 24 
3 22 25 28 
3 4 23 2 
3 10 13 16 
3 17 22 3 
3 30 14 19 
3 26 5 20 
3 25 4 10 
3 6 18 28 
3 29 17 21 

Test-case 6:
10
2 3 4 
2 2 5 
2 1 2 
2 1 3 
2 5 1 
2 4 3 
2 2 4 
2 2 3 
2 2 3 
2 4 3 

Test-case 7:
400
3 15 20 23
3 19 22 23
3 5 38 40
3 21 22 35
3 11 14 36
3 9 13 38
3 1 2 34
3 3 34 36
3 35 37 39
3 9 10 36
3 36 38 40
3 2 17 31
3 23 33 37
3 16 27 28
3 3 15 17
3 1 3 25
3 1 5 20
3 15 19 38
3 2 5 7
3 5 33 38
3 4 6 8
3 9 10 11
3 1 2 19
3 1 4 34
3 2 6 35
3 6 8 9
3 9 24 38
3 5 8 16
3 12 14 18
3 13 17 23
3 4 35 37
3 11 13 38
3 1 5 13
3 16 18 19
3 16 19 20
3 10 14 39
3 13 14 40
3 10 17 18
3 8 13 14
3 9 18 26
3 10 11 13
3 2 24 27
3 13 17 32
3 18 31 39
3 1 21 33
3 24 25 26
3 4 13 17
3 10 21 23
3 2 34 37
3 15 21 22
3 16 18 29
3 25 35 40
3 9 24 28
3 3 8 12
3 13 20 39
3 6 9 15
3 24 29 35
3 1 4 38
3 21 25 26
3 18 30 32
3 18 26 33
3 12 13 19
3 27 29 31
3 5 33 35
3 9 22 27
3 25 27 32
3 10 36 37
3 7 32 40
3 12 20 22
3 4 21 23
3 11 14 15
3 1 4 20
3 4 7 37
3 25 38 40
3 3 4 23
3 13 20 36
3 5 30 36
3 17 21 27
3 12 15 16
3 12 14 15
3 8 10 33
3 15 16 20
3 12 19 30
3 7 16 30
3 34 36 39
3 4 6 33
3 4 27 38
3 20 28 29
3 6 7 9
3 19 30 39
3 14 32 34
3 31 32 37
3 9 13 31
3 8 18 40
3 17 26 28
3 13 21 22
3 16 19 24
3 21 27 29
3 7 15 17
3 14 22 23
3 3 22 24
3 18 29 38
3 4 20 22
3 25 31 40
3 1 30 31
3 15 20 22
3 8 36 40
3 22 27 28
3 4 27 34
3 21 23 27
3 7 37 40
3 30 31 37
3 29 30 32
3 17 19 23
3 16 19 36
3 1 24 30
3 4 8 39
3 17 18 36
3 11 20 27
3 6 21 35
3 2 23 33
3 7 8 17
3 18 24 25
3 10 33 38
3 3 10 11
3 18 20 40
3 26 28 32
3 3 5 26
3 28 30 33
3 16 30 33
3 18 30 39
3 28 29 40
3 7 20 23
3 8 22 40
3 29 32 34
3 6 29 32
3 11 19 38
3 8 26 39
3 18 26 27
3 6 8 21
3 12 14 39
3 11 12 38
3 25 28 30
3 7 10 21
3 2 32 33
3 2 9 15
3 1 23 24
3 1 31 34
3 2 9 35
3 7 21 35
3 10 19 39
3 7 22 23
3 12 17 28
3 25 30 35
3 2 3 26
3 8 10 19
3 10 14 37
3 3 15 33
3 9 25 40
3 17 18 22
3 3 4 28
3 14 27 32
3 19 25 35
3 5 9 14
3 3 37 40
3 2 25 33
3 13 21 24
3 4 6 9
3 4 7 33
3 7 12 16
3 15 16 23
3 9 20 27
3 19 20 26
3 12 13 15
3 3 4 36
3 5 9 40
3 34 36 37
3 16 18 19
3 32 36 40
3 6 7 35
3 1 23 24
3 1 8 27
3 17 18 19
3 28 29 30
3 2 23 39
3 2 30 36
3 3 19 39
3 1 31 40
3 8 10 38
3 12 13 39
3 14 23 24
3 2 18 35
3 4 25 26
3 6 16 36
3 16 23 27
3 5 17 26
3 5 33 38
3 10 22 23
3 9 31 40
3 14 15 16
3 10 27 32
3 16 30 34
3 34 35 39
3 12 15 26
3 3 31 34
3 5 36 37
3 11 15 17
3 1 6 35
3 26 35 40
3 6 7 33
3 2 37 38
3 2 4 22
3 3 5 32
3 8 38 39
3 11 17 20
3 19 25 26
3 8 37 39
3 11 26 36
3 23 24 37
3 23 34 38
3 14 20 24
3 2 26 27
3 3 29 39
3 5 11 29
3 1 3 4
3 10 32 40
3 10 14 40
3 3 35 36
3 5 6 7
3 11 13 14
3 25 29 36
3 12 13 17
3 11 15 16
3 6 7 40
3 10 14 19
3 18 21 26
3 8 10 15
3 20 21 38
3 5 10 14
3 4 11 14
3 9 19 21
3 8 11 38
3 1 5 26
3 8 18 28
3 1 22 34
3 17 22 23
3 9 11 12
3 13 15 40
3 17 18 19
3 4 10 12
3 21 22 31
3 14 15 29
3 4 5 33
3 7 29 34
3 22 24 25
3 21 23 40
3 2 21 26
3 5 16 19
3 24 25 27
3 6 36 37
3 13 26 27
3 10 29 30
3 15 17 22
3 6 12 29
3 7 24 27
3 5 8 9
3 7 32 35
3 28 30 32
3 20 21 38
3 16 20 26
3 5 33 36
3 12 25 37
3 22 26 29
3 2 14 33
3 10 12 39
3 9 20 38
3 6 8 20
3 15 17 19
3 9 12 32
3 22 27 28
3 3 6 28
3 18 29 31
3 6 17 20
3 17 24 25
3 18 21 22
3 8 26 28
3 24 28 33
3 7 10 39
3 16 23 28
3 29 31 32
3 11 12 39
3 15 29 33
3 1 10 17
3 27 28 29
3 31 32 34
3 20 21 39
3 4 6 13
3 11 13 36
3 21 29 30
3 20 28 29
3 18 24 25
3 11 16 26
3 3 36 37
3 22 24 31
3 1 2 25
3 12 19 27
3 21 26 30
3 1 34 36
3 20 28 30
3 15 17 38
3 2 13 25
3 28 31 37
3 3 25 31
3 16 37 40
3 3 34 38
3 15 25 32
3 1 4 24
3 21 25 26
3 15 19 28
3 2 25 39
3 13 24 35
3 9 27 31
3 1 32 35
3 3 30 38
3 11 24 31
3 16 35 39
3 3 31 34
3 4 13 32
3 35 37 39
3 1 18 31
3 3 23 34
3 12 19 38
3 2 8 22
3 1 28 32
3 2 32 34
3 5 33 34
3 11 28 30
3 2 3 35
3 1 4 30
3 25 32 34
3 13 24 25
3 13 16 30
3 9 24 31
3 1 12 14
3 12 15 20
3 3 6 32
3 12 35 39
3 8 31 34
3 19 24 31
3 23 39 40
3 8 34 36
3 4 33 36
3 6 11 16
3 1 5 11
3 2 6 39
3 27 33 34
3 4 27 31
3 5 35 37
3 29 33 35
3 11 14 35
3 9 15 17
3 3 7 37
3 16 18 28
3 12 16 33
3 7 10 11
3 29 31 32
3 5 6 38
3 7 36 37
3 7 22 33
3 2 33 38
3 9 28 34
3 5 29 37
3 18 36 40
3 7 21 22
3 17 18 32
3 5 22 37
3 9 22 24
3 6 7 38
3 5 23 36
3 11 12 39
3 2 8 18
3 21 27 28
3 3 20 30
3 8 9 39
3 6 13 14
3 25 26 29
3 10 23 31
3 14 30 34
3 8 13 14
3 11 14 40
3 1 6 34
3 19 27 35
3 17 26 31
3 29 33 37
3 6 11 16
3 7 21 37
3 2 23 28
3 10 30 35
3 7 12 14
3 20 24 30

Test-case 8:
500
3 12 14 39
3 15 25 26
3 5 8 10
3 18 22 24
3 29 30 33
3 9 11 13
3 8 12 18
3 37 38 40
3 11 21 28
3 34 35 36
3 23 27 40
3 1 3 39
3 3 17 21
3 13 19 22
3 24 29 30
3 7 39 40
3 9 10 17
3 3 9 14
3 13 14 18
3 4 9 36
3 9 11 33
3 7 25 37
3 6 12 17
3 8 29 33
3 26 35 37
3 13 24 34
3 11 13 34
3 15 19 22
3 5 10 24
3 7 31 33
3 3 11 38
3 1 12 31
3 1 18 21
3 2 4 21
3 28 29 30
3 7 15 16
3 15 21 40
3 1 14 24
3 17 25 29
3 14 19 22
3 22 35 36
3 3 10 16
3 3 35 36
3 3 31 34
3 2 24 25
3 8 20 30
3 14 25 27
3 28 30 34
3 7 23 28
3 20 24 40
3 3 24 38
3 1 12 20
3 26 27 35
3 1 18 32
3 18 20 21
3 33 34 37
3 2 7 15
3 1 2 23
3 11 16 21
3 6 10 12
3 2 4 32
3 8 14 17
3 4 35 40
3 5 29 31
3 4 29 39
3 4 7 33
3 9 26 40
3 5 8 38
3 2 31 32
3 6 14 21
3 2 20 33
3 11 37 38
3 2 9 38
3 5 21 23
3 6 15 17
3 2 7 20
3 24 26 28
3 28 36 38
3 5 12 40
3 14 17 31
3 23 30 32
3 24 25 28
3 29 31 38
3 17 25 26
3 15 35 36
3 1 36 37
3 2 17 27
3 17 20 22
3 26 28 32
3 10 11 32
3 10 19 33
3 3 30 31
3 1 25 31
3 24 25 31
3 21 22 40
3 2 6 14
3 19 23 26
3 20 31 34
3 1 27 32
3 8 34 40
3 5 30 37
3 26 27 39
3 2 23 30
3 15 29 31
3 7 10 33
3 7 8 38
3 2 29 33
3 23 32 36
3 5 11 39
3 3 27 34
3 6 7 37
3 8 9 18
3 6 8 9
3 31 35 37
3 23 32 36
3 14 16 40
3 5 27 29
3 6 13 15
3 36 38 39
3 4 8 18
3 9 35 38
3 5 13 20
3 5 9 40
3 6 17 33
3 12 24 28
3 12 18 19
3 4 10 35
3 6 8 31
3 2 21 28
3 26 27 29
3 5 6 38
3 1 6 11
3 7 9 40
3 3 30 38
3 4 36 38
3 8 11 13
3 3 7 8
3 16 19 30
3 23 24 27
3 25 30 31
3 11 20 21
3 16 32 33
3 5 7 9
3 8 9 40
3 29 33 34
3 16 36 39
3 4 35 39
3 21 22 40
3 13 14 15
3 16 39 40
3 16 26 35
3 8 12 40
3 7 11 36
3 4 12 14
3 13 14 37
3 11 12 13
3 7 10 12
3 3 4 31
3 11 12 16
3 11 38 39
3 10 17 37
3 19 22 29
3 16 18 19
3 4 20 32
3 10 32 38
3 15 16 20
3 19 20 22
3 10 29 34
3 19 20 37
3 17 21 22
3 23 24 27
3 10 12 35
3 10 15 25
3 4 15 18
3 3 6 37
3 5 35 36
3 5 19 21
3 4 6 30
3 3 39 40
3 3 32 33
3 10 11 36
3 9 13 14
3 12 35 37
3 9 12 25
3 7 8 9
3 26 29 30
3 23 25 34
3 13 17 19
3 10 18 24
3 15 20 22
3 8 22 37
3 22 24 25
3 2 10 39
3 21 26 28
3 10 29 30
3 7 24 34
3 17 21 25
3 9 17 40
3 9 20 32
3 10 16 37
3 4 15 38
3 8 18 39
3 33 35 36
3 11 18 39
3 16 21 25
3 22 30 33
3 23 27 31
3 15 17 19
3 14 22 25
3 12 20 21
3 15 24 26
3 2 28 34
3 12 32 37
3 13 18 29
3 29 30 32
3 1 3 30
3 5 31 35
3 6 16 19
3 17 21 30
3 1 13 34
3 5 14 21
3 1 30 31
3 1 9 10
3 21 24 26
3 27 28 31
3 13 15 21
3 1 6 38
3 11 17 24
3 19 28 31
3 16 17 27
3 7 9 11
3 26 33 36
3 27 28 34
3 25 27 39
3 1 12 15
3 3 36 39
3 8 14 33
3 4 7 37
3 3 14 36
3 16 25 31
3 8 22 25
3 1 24 31
3 15 28 39
3 6 14 31
3 3 32 34
3 3 8 13
3 1 2 26
3 34 35 37
3 18 38 39
3 11 13 17
3 9 11 40
3 2 20 26
3 1 25 27
3 3 5 37
3 1 4 20
3 2 3 29
3 24 25 26
3 3 11 20
3 36 38 39
3 19 26 34
3 6 35 37
3 13 16 24
3 5 19 30
3 20 28 36
3 2 9 19
3 18 22 23
3 4 17 30
3 32 37 38
3 23 24 39
3 12 23 35
3 32 33 34
3 11 12 37
3 5 32 36
3 25 26 28
3 1 16 18
3 2 33 34
3 11 25 29
3 4 18 34
3 9 38 39
3 3 23 36
3 5 6 7
3 2 9 10
3 5 7 28
3 4 22 35
3 14 18 23
3 4 19 39
3 4 9 30
3 4 33 39
3 18 31 35
3 17 28 40
3 22 29 32
3 15 23 26
3 3 8 11
3 1 12 14
3 2 8 33
3 3 7 33
3 10 11 22
3 20 24 26
3 2 7 27
3 9 23 32
3 1 16 30
3 19 21 40
3 6 34 40
3 12 20 35
3 25 27 30
3 4 16 27
3 14 17 23
3 13 15 40
3 7 32 38
3 9 29 38
3 18 22 36
3 8 13 14
3 15 19 38
3 12 19 27
3 24 28 30
3 6 27 30
3 6 11 40
3 24 26 29
3 12 14 26
3 10 11 12
3 6 10 40
3 2 20 28
3 21 34 39
3 6 35 37
3 15 18 22
3 25 26 29
3 17 19 23
3 6 10 13
3 6 14 26
3 29 32 33
3 16 18 23
3 13 36 38
3 10 12 40
3 2 7 24
3 5 9 14
3 10 15 17
3 8 11 16
3 27 32 33
3 17 23 39
3 5 7 37
3 2 27 34
3 18 20 28
3 5 19 40
3 8 19 37
3 6 18 30
3 15 26 32
3 18 21 22
3 22 37 39
3 14 16 19
3 13 16 24
3 8 13 39
3 20 27 29
3 6 22 27
3 17 27 40
3 2 25 37
3 1 28 31
3 4 28 31
3 15 30 32
3 1 39 40
3 13 16 24
3 3 4 23
3 2 33 35
3 22 29 36
3 28 30 35
3 4 6 36
3 15 18 19
3 12 19 22
3 4 22 28
3 26 28 30
3 1 16 32
3 3 31 37
3 20 23 30
3 17 31 33
3 2 8 40
3 4 9 27
3 33 34 35
3 25 31 32
3 15 22 38
3 18 19 28
3 1 36 40
3 12 33 35
3 17 33 34
3 3 4 37
3 1 4 36
3 32 33 35
3 5 7 8
3 16 20 28
3 11 18 33
3 1 5 17
3 1 16 38
3 5 7 8
3 17 20 21
3 2 31 35
3 3 5 23
3 2 6 39
3 9 21 34
3 5 8 39
3 15 33 35
3 3 5 38
3 23 34 37
3 7 16 33
3 1 13 40
3 6 7 24
3 14 26 27
3 6 10 11
3 14 29 39
3 25 27 30
3 20 28 29
3 15 18 26
3 1 5 31
3 12 13 14
3 9 10 14
3 13 17 23
3 11 19 20
3 13 29 36
3 8 13 34
3 13 16 38
3 7 23 38
3 6 21 34
3 22 27 35
3 8 20 38
3 10 27 35
3 9 36 40
3 9 21 31
3 14 26 37
3 10 19 38
3 5 15 21
3 9 11 24
3 21 29 30
3 2 31 35
3 24 25 27
3 3 32 34
3 27 28 31
3 23 26 31
3 3 10 11
3 4 5 6
3 4 6 35
3 10 15 19
3 1 8 38
3 18 28 36
3 9 12 38
3 7 10 36
3 7 22 34
3 2 13 16
3 10 25 30
3 5 8 38
3 18 20 33
3 5 28 32
3 4 5 36
3 13 37 40
3 17 19 29
3 11 25 28
3 3 12 35
3 22 26 34
3 1 16 23
3 14 15 17
3 19 20 21
3 15 17 21
3 7 12 13
3 5 12 37
3 3 21 28
3 6 37 39
3 4 17 34
3 13 15 16
3 2 7 18
3 11 19 23
3 10 14 16
3 15 16 18
3 7 20 21
3 14 20 31
3 1 7 34
3 23 33 36
3 2 18 29
3 12 25 26
3 1 3 32
3 6 13 17
3 25 29 32
3 16 36 39
3 29 34 35
3 19 20 29
3 11 22 25
3 3 30 32
3 14 24 25
3 4 25 39
3 12 15 40
3 9 14 23
3 8 9 27
3 16 24 37
3 6 12 22
3 13 20 26
3 4 21 36
3 18 32 40
3 2 33 37
3 22 27 30
3 23 27 28
3 8 22 24
3 19 21 38
3 23 24 26
3 1 10 39
3 2 32 39

Test-case 8:
1000
3 26 51 69
3 9 16 21
3 11 51 53
3 19 22 23
3 1 6 98
3 32 91 98
3 42 78 100
3 27 85 86
3 15 48 82
3 2 50 61
3 2 9 32
3 14 47 90
3 30 64 84
3 71 76 81
3 33 42 48
3 10 11 45
3 4 13 59
3 19 40 88
3 10 17 73
3 2 19 90
3 57 67 82
3 4 14 26
3 11 17 20
3 4 20 43
3 29 46 89
3 3 34 97
3 5 48 52
3 18 31 34
3 27 29 86
3 6 8 48
3 47 54 73
3 16 40 79
3 12 58 68
3 1 37 38
3 16 64 91
3 16 33 81
3 9 13 73
3 10 56 71
3 14 71 82
3 10 37 82
3 37 49 51
3 31 58 98
3 14 18 34
3 16 86 94
3 29 30 48
3 19 46 74
3 26 39 77
3 42 44 67
3 15 38 86
3 28 33 96
3 17 50 88
3 36 65 94
3 44 87 95
3 9 23 25
3 4 56 83
3 46 53 76
3 11 16 80
3 43 52 82
3 51 78 82
3 14 25 30
3 35 83 100
3 7 12 74
3 36 40 74
3 57 62 84
3 18 33 94
3 34 38 85
3 49 58 94
3 22 24 76
3 25 30 95
3 7 80 85
3 78 92 98
3 32 68 99
3 9 62 100
3 11 53 95
3 17 77 89
3 75 76 89
3 24 32 63
3 30 65 67
3 22 24 93
3 12 18 37
3 44 83 85
3 13 35 39
3 13 24 83
3 19 48 76
3 42 71 100
3 60 79 85
3 39 82 89
3 14 28 61
3 12 77 98
3 24 52 64
3 28 43 47
3 8 13 45
3 57 75 87
3 39 43 94
3 27 89 99
3 24 57 94
3 17 77 81
3 40 66 99
3 5 10 83
3 13 30 78
3 31 40 45
3 53 57 83
3 21 42 96
3 25 49 95
3 45 63 92
3 68 78 88
3 23 84 88
3 34 55 78
3 9 52 93
3 22 88 89
3 63 69 91
3 8 49 66
3 5 37 95
3 5 17 80
3 8 20 66
3 45 55 64
3 24 67 73
3 36 45 46
3 1 56 64
3 24 68 71
3 10 85 89
3 43 66 82
3 7 38 69
3 7 59 70
3 26 36 44
3 24 58 87
3 56 58 64
3 13 26 90
3 38 40 50
3 55 68 90
3 34 52 93
3 13 31 54
3 37 68 95
3 18 74 100
3 11 53 86
3 4 50 69
3 33 73 75
3 54 61 86
3 25 27 42
3 7 15 98
3 5 28 59
3 22 44 69
3 16 55 62
3 60 84 87
3 34 58 97
3 45 66 100
3 36 83 98
3 54 59 68
3 11 34 58
3 7 40 45
3 19 50 51
3 14 16 17
3 26 32 59
3 4 19 70
3 4 20 36
3 47 84 86
3 51 60 99
3 73 76 91
3 14 52 53
3 19 20 82
3 2 34 62
3 7 34 59
3 30 45 46
3 5 66 70
3 37 38 39
3 45 61 91
3 4 7 99
3 16 34 68
3 59 72 92
3 8 58 74
3 7 24 96
3 40 43 75
3 2 22 91
3 29 52 76
3 13 36 75
3 6 44 46
3 44 68 90
3 42 47 50
3 16 38 63
3 17 69 73
3 41 66 99
3 1 62 100
3 25 97 99
3 26 28 93
3 45 72 91
3 5 78 98
3 52 61 65
3 1 14 67
3 40 82 96
3 33 51 91
3 28 33 81
3 41 52 72
3 42 44 69
3 11 85 99
3 14 59 80
3 41 67 75
3 20 21 83
3 33 41 72
3 44 75 87
3 11 66 76
3 37 43 96
3 21 42 77
3 23 29 94
3 15 45 55
3 7 23 60
3 6 29 90
3 4 5 68
3 5 18 85
3 27 66 87
3 54 59 60
3 4 71 77
3 14 43 65
3 1 51 64
3 26 56 63
3 62 70 72
3 12 15 71
3 54 59 91
3 40 60 84
3 2 34 79
3 24 51 55
3 23 43 72
3 12 41 75
3 3 30 98
3 14 31 70
3 50 55 80
3 8 61 95
3 72 97 100
3 9 41 85
3 14 67 78
3 18 77 84
3 40 56 80
3 13 50 52
3 10 46 96
3 43 56 57
3 23 29 48
3 20 36 97
3 32 73 80
3 10 12 89
3 41 50 86
3 9 25 33
3 3 65 93
3 4 13 70
3 15 28 60
3 24 64 88
3 44 53 60
3 50 76 85
3 1 12 63
3 16 47 60
3 69 77 81
3 34 56 96
3 18 23 73
3 41 42 45
3 37 38 62
3 18 52 57
3 21 41 85
3 17 51 83
3 16 17 49
3 12 47 92
3 31 32 55
3 39 43 46
3 1 56 69
3 11 65 99
3 16 79 80
3 8 9 43
3 28 63 80
3 24 27 77
3 11 95 97
3 4 37 70
3 13 38 61
3 45 53 60
3 18 83 89
3 11 45 76
3 8 61 68
3 6 72 75
3 26 60 94
3 23 78 88
3 9 48 49
3 69 73 82
3 50 52 53
3 21 81 93
3 4 25 97
3 14 57 92
3 22 37 44
3 56 72 98
3 38 62 100
3 10 15 35
3 5 34 35
3 11 33 39
3 71 76 79
3 35 77 93
3 2 65 99
3 31 33 93
3 80 82 87
3 43 72 97
3 42 43 67
3 76 94 99
3 16 18 69
3 19 56 89
3 79 83 92
3 3 16 98
3 33 65 86
3 48 81 89
3 7 20 32
3 26 31 67
3 15 76 81
3 44 54 59
3 35 42 75
3 20 81 89
3 13 31 73
3 47 73 86
3 14 39 46
3 23 85 93
3 22 44 100
3 55 84 87
3 61 67 74
3 36 46 54
3 1 15 19
3 51 55 57
3 47 62 68
3 22 55 96
3 7 76 77
3 20 61 80
3 1 61 87
3 34 36 51
3 49 78 93
3 19 23 46
3 51 55 85
3 65 71 85
3 13 96 97
3 83 93 100
3 11 24 53
3 66 96 98
3 22 72 79
3 54 59 66
3 58 73 82
3 25 90 97
3 80 82 86
3 32 62 95
3 2 43 99
3 15 23 62
3 29 57 75
3 66 73 78
3 8 59 95
3 6 64 97
3 26 61 94
3 48 75 92
3 77 93 100
3 1 59 69
3 59 79 83
3 39 42 51
3 47 62 81
3 1 15 65
3 31 48 92
3 4 5 11
3 37 40 91
3 21 32 80
3 8 82 83
3 49 86 87
3 11 56 88
3 7 63 76
3 23 32 33
3 6 8 81
3 13 82 86
3 14 26 45
3 41 77 82
3 37 62 95
3 20 31 34
3 32 49 68
3 48 49 50
3 72 88 91
3 4 25 38
3 20 22 86
3 48 52 87
3 11 48 90
3 25 72 90
3 1 41 68
3 24 25 54
3 36 37 60
3 6 36 47
3 14 34 51
3 38 52 66
3 1 15 42
3 29 60 80
3 85 90 100
3 9 33 39
3 47 65 90
3 17 26 61
3 29 53 83
3 64 76 81
3 50 61 78
3 11 13 89
3 25 28 63
3 2 3 8
3 39 68 86
3 61 89 94
3 26 30 67
3 24 35 84
3 51 91 92
3 31 57 96
3 28 44 91
3 25 41 49
3 78 83 90
3 54 58 88
3 17 21 58
3 1 67 70
3 16 18 81
3 32 62 98
3 20 73 91
3 2 4 70
3 35 54 97
3 20 52 93
3 6 20 58
3 1 3 93
3 32 84 94
3 7 58 95
3 3 29 79
3 28 79 81
3 14 24 75
3 25 30 66
3 50 52 59
3 10 47 71
3 18 22 78
3 79 98 99
3 41 42 67
3 23 26 53
3 23 39 57
3 2 56 65
3 30 34 68
3 29 64 69
3 41 50 87
3 9 78 87
3 22 28 83
3 73 84 93
3 21 49 85
3 32 57 67
3 29 34 75
3 19 27 92
3 12 17 95
3 12 32 87
3 65 68 96
3 54 88 89
3 21 55 76
3 38 67 70
3 33 42 90
3 52 57 81
3 73 74 77
3 15 82 95
3 43 44 79
3 9 19 50
3 36 67 92
3 11 21 59
3 14 32 62
3 20 29 70
3 6 72 95
3 33 63 95
3 15 47 60
3 13 15 90
3 1 57 94
3 26 87 92
3 46 52 65
3 18 27 54
3 29 43 44
3 55 71 74
3 3 87 91
3 5 63 75
3 79 94 97
3 1 35 92
3 34 53 63
3 12 40 100
3 71 84 86
3 2 35 75
3 14 23 71
3 10 64 72
3 2 28 36
3 12 19 47
3 10 19 98
3 2 67 70
3 9 27 33
3 27 63 65
3 21 53 95
3 28 58 86
3 17 95 97
3 3 35 46
3 1 27 48
3 16 28 29
3 7 79 82
3 21 38 56
3 60 77 91
3 91 92 98
3 8 88 97
3 15 85 88
3 2 61 97
3 43 90 91
3 32 62 81
3 18 28 89
3 11 14 100
3 15 56 90
3 68 69 71
3 15 36 77
3 74 77 78
3 19 49 91
3 37 78 98
3 46 65 81
3 35 50 72
3 11 62 80
3 6 14 92
3 15 63 71
3 4 67 72
3 37 68 69
3 27 66 84
3 27 41 99
3 51 89 96
3 33 99 100
3 9 42 70
3 64 80 84
3 3 18 80
3 38 71 100
3 48 59 73
3 5 6 73
3 12 13 47
3 39 74 84
3 10 16 92
3 3 21 45
3 12 20 22
3 13 22 53
3 29 33 48
3 31 37 73
3 21 24 34
3 8 53 91
3 80 92 94
3 29 53 61
3 22 42 66
3 3 75 92
3 6 35 36
3 19 61 94
3 33 38 99
3 3 37 52
3 1 12 56
3 17 21 89
3 21 26 60
3 3 25 55
3 6 30 97
3 8 11 15
3 54 69 82
3 28 35 95
3 11 45 81
3 50 58 83
3 2 57 66
3 2 40 84
3 50 61 100
3 53 62 72
3 49 57 63
3 49 55 57
3 21 54 59
3 14 18 63
3 22 62 69
3 30 32 93
3 61 84 89
3 25 32 100
3 38 54 58
3 17 61 86
3 39 89 96
3 40 92 95
3 4 40 69
3 23 85 86
3 20 41 84
3 5 27 73
3 3 36 44
3 6 12 13
3 36 38 43
3 9 51 74
3 13 49 50
3 3 9 41
3 17 25 51
3 15 22 46
3 54 74 80
3 22 31 32
3 18 31 46
3 30 87 94
3 2 94 98
3 23 79 82
3 49 72 92
3 7 24 52
3 2 41 64
3 4 44 98
3 7 20 27
3 27 45 78
3 17 37 41
3 14 76 90
3 59 64 100
3 35 55 60
3 42 48 52
3 31 65 90
3 6 64 78
3 17 26 71
3 43 83 85
3 31 37 97
3 2 63 96
3 30 66 86
3 31 40 95
3 72 81 93
3 27 71 96
3 32 45 94
3 58 67 92
3 1 25 56
3 63 78 96
3 45 54 62
3 12 38 94
3 24 28 48
3 27 60 96
3 47 52 56
3 30 34 35
3 3 19 83
3 10 67 73
3 5 78 93
3 5 39 45
3 23 64 100
3 7 79 80
3 3 65 90
3 25 26 27
3 44 88 92
3 39 49 75
3 25 67 89
3 40 74 99
3 33 34 95
3 9 15 29
3 11 12 70
3 2 31 43
3 50 51 59
3 6 43 47
3 40 50 61
3 19 83 90
3 48 67 75
3 42 74 96
3 49 79 81
3 25 31 64
3 28 33 62
3 4 34 66
3 25 47 61
3 56 82 85
3 24 29 87
3 57 72 74
3 64 88 99
3 37 48 68
3 26 30 32
3 18 83 96
3 4 13 38
3 49 56 64
3 2 88 91
3 17 21 89
3 46 55 66
3 18 43 77
3 24 36 65
3 17 40 96
3 10 96 97
3 6 31 91
3 13 45 93
3 5 9 93
3 48 49 79
3 65 75 82
3 44 58 60
3 62 74 79
3 4 22 53
3 70 79 100
3 2 38 81
3 77 80 85
3 2 10 75
3 12 35 74
3 32 65 85
3 29 57 97
3 68 77 83
3 55 70 71
3 23 39 41
3 6 64 99
3 20 86 94
3 66 80 92
3 36 50 96
3 21 53 87
3 12 15 43
3 5 66 68
3 7 65 87
3 9 40 43
3 47 82 86
3 3 47 54
3 30 70 94
3 57 73 92
3 28 35 93
3 46 51 81
3 23 34 39
3 30 69 86
3 6 35 100
3 55 60 82
3 6 44 58
3 47 78 80
3 19 80 90
3 10 14 44
3 54 71 92
3 36 42 99
3 37 70 97
3 3 46 72
3 16 49 77
3 7 16 49
3 16 47 74
3 57 71 80
3 4 18 99
3 56 65 71
3 24 48 49
3 10 30 74
3 1 22 100
3 1 31 90
3 25 60 88
3 51 60 86
3 3 58 72
3 18 59 62
3 26 52 60
3 23 60 82
3 4 70 87
3 43 61 72
3 32 38 44
3 28 93 95
3 16 17 76
3 11 45 70
3 7 55 67
3 36 43 71
3 11 27 83
3 9 14 64
3 35 79 83
3 5 63 98
3 6 22 39
3 42 46 49
3 8 11 19
3 6 36 65
3 78 79 84
3 75 77 79
3 3 30 66
3 18 67 74
3 29 53 70
3 18 31 97
3 30 58 69
3 44 56 70
3 63 66 76
3 7 36 67
3 9 17 89
3 18 19 67
3 26 29 56
3 4 37 62
3 20 41 52
3 10 87 92
3 17 84 91
3 3 27 33
3 46 68 78
3 13 26 45
3 56 88 99
3 38 40 100
3 10 17 18
3 33 36 57
3 3 27 32
3 10 42 73
3 13 58 77
3 87 96 100
3 68 87 94
3 23 24 72
3 9 35 38
3 41 42 55
3 10 68 73
3 26 64 74
3 54 63 65
3 25 82 91
3 7 51 54
3 16 27 63
3 56 58 67
3 16 75 76
3 8 22 25
3 50 51 86
3 21 52 81
3 23 70 88
3 26 71 84
3 51 74 85
3 8 33 97
3 63 66 69
3 35 65 98
3 57 97 99
3 16 35 78
3 30 50 84
3 1 69 81
3 41 59 62
3 21 53 85
3 67 84 89
3 88 91 93
3 3 6 39
3 19 76 87
3 39 40 65
3 12 44 46
3 67 71 93
3 10 52 89
3 27 61 95
3 21 51 93
3 12 39 53
3 90 97 98
3 43 46 59
3 16 23 54
3 5 6 68
3 1 7 47
3 6 18 42
3 30 38 99
3 5 7 76
3 8 27 34
3 48 55 77
3 10 12 87
3 5 99 100
3 8 28 97
3 8 9 64
3 20 30 45
3 30 70 71
3 19 47 60
3 3 19 53
3 1 2 98
3 1 30 35
3 2 44 55
3 38 61 62
3 15 53 54
3 49 67 69
3 23 27 63
3 17 25 55
3 33 59 74
3 10 13 74
3 20 22 48
3 23 57 91
3 20 72 86
3 45 47 84
3 66 68 74
3 10 95 100
3 38 56 85
3 27 30 59
3 1 11 39
3 31 64 98
3 36 44 72
3 39 74 76
3 81 95 97
3 5 69 95
3 41 42 45
3 17 42 78
3 48 63 88
3 18 48 96
3 37 65 71
3 35 36 70
3 7 34 40
3 21 80 81
3 57 83 90
3 46 50 88
3 53 60 64
3 57 88 98
3 54 75 78
3 44 72 83
3 16 27 77
3 5 8 23
3 48 54 69
3 8 28 85
3 3 33 63
3 15 29 58
3 21 53 58
3 1 12 36
3 41 44 69
3 5 6 8
3 20 92 96
3 13 24 89
3 56 70 80
3 12 26 52
3 26 73 77
3 22 40 93
3 24 39 79
3 60 62 85
3 17 25 96
3 13 20 77
3 21 54 72
3 16 94 100
3 32 57 95
3 37 50 64
3 46 90 93
3 28 34 92
3 8 10 58
3 28 41 49
3 41 68 80
3 5 50 68
3 11 47 54
3 7 9 46
3 6 68 83
3 16 55 96
3 29 32 61
3 9 24 46
3 58 95 98
3 81 82 92
3 28 57 99
3 29 43 70
3 19 21 73
3 84 91 96
3 52 75 76
3 29 38 90
3 33 60 98
3 26 42 44
3 22 83 85
3 21 42 66
3 25 47 75
3 31 60 80
3 36 47 70
3 12 43 88
3 41 74 84
3 37 64 77
3 79 86 99
3 66 83 94
3 26 70 99
3 9 46 73
3 64 69 73
3 41 58 87
3 3 14 58
3 35 36 59
3 51 84 88
3 8 75 89
3 10 18 56
3 19 88 90
3 5 14 39
3 29 87 95
3 5 35 94
3 39 54 92
3 30 91 99
3 22 23 26
3 7 30 35
3 8 57 76
3 24 28 96
3 39 41 46
3 14 21 22
3 2 31 76
3 12 37 40
3 34 58 75
3 9 12 84
3 56 81 86
3 33 35 61
3 15 39 47
3 13 15 74
3 8 49 55
3 17 51 63
3 1 4 91
3 65 66 87
3 15 19 45
3 2 4 98
3 3 6 38
3 59 62 89
3 15 33 98
3 7 50 52
3 2 14 100
3 10 37 89
3 51 53 71
3 55 63 64
3 15 29 78
3 5 19 32
3 6 29 76
3 5 7 75
3 61 71 79
3 2 4 90
3 27 28 31
3 16 48 80
3 40 78 93
3 50 62 98
3 8 88 89
3 62 70 84
3 22 86 94
3 4 37 56
3 1 16 73
3 14 49 82
3 49 59 75
3 25 28 74
3 2 22 45
3 20 40 51
3 4 7 12
3 3 5 69
3 23 76 81
3 13 74 79
3 17 27 53
3 19 20 32
3 35 40 88
3 48 82 84
3 24 39 91
3 55 63 65
3 8 11 59
3 9 37 38
3 42 63 79
3 20 71 90
3 8 10 72
3 21 28 60
3 53 88 93
3 31 61 97
3 31 52 69
3 46 93 97
3 9 18 20
3 66 88 94
3 34 81 85
3 77 78 79
3 40 55 94
3 31 69 79
3 24 86 99

Test-case 9:
1000
3 26 51 69
3 9 16 21
3 11 51 53
3 19 22 23
3 1 6 98
3 32 91 98
3 42 78 100
3 27 85 86
3 15 48 82
3 2 50 61
3 2 9 32
3 14 47 90
3 30 64 84
3 71 76 81
3 33 42 48
3 10 11 45
3 4 13 59
3 19 40 88
3 10 17 73
3 2 19 90
3 57 67 82
3 4 14 26
3 11 17 20
3 4 20 43
3 29 46 89
3 3 34 97
3 5 48 52
3 18 31 34
3 27 29 86
3 6 8 48
3 47 54 73
3 16 40 79
3 12 58 68
3 1 37 38
3 16 64 91
3 16 33 81
3 9 13 73
3 10 56 71
3 14 71 82
3 10 37 82
3 37 49 51
3 31 58 98
3 14 18 34
3 16 86 94
3 29 30 48
3 19 46 74
3 26 39 77
3 42 44 67
3 15 38 86
3 28 33 96
3 17 50 88
3 36 65 94
3 44 87 95
3 9 23 25
3 4 56 83
3 46 53 76
3 11 16 80
3 43 52 82
3 51 78 82
3 14 25 30
3 35 83 100
3 7 12 74
3 36 40 74
3 57 62 84
3 18 33 94
3 34 38 85
3 49 58 94
3 22 24 76
3 25 30 95
3 7 80 85
3 78 92 98
3 32 68 99
3 9 62 100
3 11 53 95
3 17 77 89
3 75 76 89
3 24 32 63
3 30 65 67
3 22 24 93
3 12 18 37
3 44 83 85
3 13 35 39
3 13 24 83
3 19 48 76
3 42 71 100
3 60 79 85
3 39 82 89
3 14 28 61
3 12 77 98
3 24 52 64
3 28 43 47
3 8 13 45
3 57 75 87
3 39 43 94
3 27 89 99
3 24 57 94
3 17 77 81
3 40 66 99
3 5 10 83
3 13 30 78
3 31 40 45
3 53 57 83
3 21 42 96
3 25 49 95
3 45 63 92
3 68 78 88
3 23 84 88
3 34 55 78
3 9 52 93
3 22 88 89
3 63 69 91
3 8 49 66
3 5 37 95
3 5 17 80
3 8 20 66
3 45 55 64
3 24 67 73
3 36 45 46
3 1 56 64
3 24 68 71
3 10 85 89
3 43 66 82
3 7 38 69
3 7 59 70
3 26 36 44
3 24 58 87
3 56 58 64
3 13 26 90
3 38 40 50
3 55 68 90
3 34 52 93
3 13 31 54
3 37 68 95
3 18 74 100
3 11 53 86
3 4 50 69
3 33 73 75
3 54 61 86
3 25 27 42
3 7 15 98
3 5 28 59
3 22 44 69
3 16 55 62
3 60 84 87
3 34 58 97
3 45 66 100
3 36 83 98
3 54 59 68
3 11 34 58
3 7 40 45
3 19 50 51
3 14 16 17
3 26 32 59
3 4 19 70
3 4 20 36
3 47 84 86
3 51 60 99
3 73 76 91
3 14 52 53
3 19 20 82
3 2 34 62
3 7 34 59
3 30 45 46
3 5 66 70
3 37 38 39
3 45 61 91
3 4 7 99
3 16 34 68
3 59 72 92
3 8 58 74
3 7 24 96
3 40 43 75
3 2 22 91
3 29 52 76
3 13 36 75
3 6 44 46
3 44 68 90
3 42 47 50
3 16 38 63
3 17 69 73
3 41 66 99
3 1 62 100
3 25 97 99
3 26 28 93
3 45 72 91
3 5 78 98
3 52 61 65
3 1 14 67
3 40 82 96
3 33 51 91
3 28 33 81
3 41 52 72
3 42 44 69
3 11 85 99
3 14 59 80
3 41 67 75
3 20 21 83
3 33 41 72
3 44 75 87
3 11 66 76
3 37 43 96
3 21 42 77
3 23 29 94
3 15 45 55
3 7 23 60
3 6 29 90
3 4 5 68
3 5 18 85
3 27 66 87
3 54 59 60
3 4 71 77
3 14 43 65
3 1 51 64
3 26 56 63
3 62 70 72
3 12 15 71
3 54 59 91
3 40 60 84
3 2 34 79
3 24 51 55
3 23 43 72
3 12 41 75
3 3 30 98
3 14 31 70
3 50 55 80
3 8 61 95
3 72 97 100
3 9 41 85
3 14 67 78
3 18 77 84
3 40 56 80
3 13 50 52
3 10 46 96
3 43 56 57
3 23 29 48
3 20 36 97
3 32 73 80
3 10 12 89
3 41 50 86
3 9 25 33
3 3 65 93
3 4 13 70
3 15 28 60
3 24 64 88
3 44 53 60
3 50 76 85
3 1 12 63
3 16 47 60
3 69 77 81
3 34 56 96
3 18 23 73
3 41 42 45
3 37 38 62
3 18 52 57
3 21 41 85
3 17 51 83
3 16 17 49
3 12 47 92
3 31 32 55
3 39 43 46
3 1 56 69
3 11 65 99
3 16 79 80
3 8 9 43
3 28 63 80
3 24 27 77
3 11 95 97
3 4 37 70
3 13 38 61
3 45 53 60
3 18 83 89
3 11 45 76
3 8 61 68
3 6 72 75
3 26 60 94
3 23 78 88
3 9 48 49
3 69 73 82
3 50 52 53
3 21 81 93
3 4 25 97
3 14 57 92
3 22 37 44
3 56 72 98
3 38 62 100
3 10 15 35
3 5 34 35
3 11 33 39
3 71 76 79
3 35 77 93
3 2 65 99
3 31 33 93
3 80 82 87
3 43 72 97
3 42 43 67
3 76 94 99
3 16 18 69
3 19 56 89
3 79 83 92
3 3 16 98
3 33 65 86
3 48 81 89
3 7 20 32
3 26 31 67
3 15 76 81
3 44 54 59
3 35 42 75
3 20 81 89
3 13 31 73
3 47 73 86
3 14 39 46
3 23 85 93
3 22 44 100
3 55 84 87
3 61 67 74
3 36 46 54
3 1 15 19
3 51 55 57
3 47 62 68
3 22 55 96
3 7 76 77
3 20 61 80
3 1 61 87
3 34 36 51
3 49 78 93
3 19 23 46
3 51 55 85
3 65 71 85
3 13 96 97
3 83 93 100
3 11 24 53
3 66 96 98
3 22 72 79
3 54 59 66
3 58 73 82
3 25 90 97
3 80 82 86
3 32 62 95
3 2 43 99
3 15 23 62
3 29 57 75
3 66 73 78
3 8 59 95
3 6 64 97
3 26 61 94
3 48 75 92
3 77 93 100
3 1 59 69
3 59 79 83
3 39 42 51
3 47 62 81
3 1 15 65
3 31 48 92
3 4 5 11
3 37 40 91
3 21 32 80
3 8 82 83
3 49 86 87
3 11 56 88
3 7 63 76
3 23 32 33
3 6 8 81
3 13 82 86
3 14 26 45
3 41 77 82
3 37 62 95
3 20 31 34
3 32 49 68
3 48 49 50
3 72 88 91
3 4 25 38
3 20 22 86
3 48 52 87
3 11 48 90
3 25 72 90
3 1 41 68
3 24 25 54
3 36 37 60
3 6 36 47
3 14 34 51
3 38 52 66
3 1 15 42
3 29 60 80
3 85 90 100
3 9 33 39
3 47 65 90
3 17 26 61
3 29 53 83
3 64 76 81
3 50 61 78
3 11 13 89
3 25 28 63
3 2 3 8
3 39 68 86
3 61 89 94
3 26 30 67
3 24 35 84
3 51 91 92
3 31 57 96
3 28 44 91
3 25 41 49
3 78 83 90
3 54 58 88
3 17 21 58
3 1 67 70
3 16 18 81
3 32 62 98
3 20 73 91
3 2 4 70
3 35 54 97
3 20 52 93
3 6 20 58
3 1 3 93
3 32 84 94
3 7 58 95
3 3 29 79
3 28 79 81
3 14 24 75
3 25 30 66
3 50 52 59
3 10 47 71
3 18 22 78
3 79 98 99
3 41 42 67
3 23 26 53
3 23 39 57
3 2 56 65
3 30 34 68
3 29 64 69
3 41 50 87
3 9 78 87
3 22 28 83
3 73 84 93
3 21 49 85
3 32 57 67
3 29 34 75
3 19 27 92
3 12 17 95
3 12 32 87
3 65 68 96
3 54 88 89
3 21 55 76
3 38 67 70
3 33 42 90
3 52 57 81
3 73 74 77
3 15 82 95
3 43 44 79
3 9 19 50
3 36 67 92
3 11 21 59
3 14 32 62
3 20 29 70
3 6 72 95
3 33 63 95
3 15 47 60
3 13 15 90
3 1 57 94
3 26 87 92
3 46 52 65
3 18 27 54
3 29 43 44
3 55 71 74
3 3 87 91
3 5 63 75
3 79 94 97
3 1 35 92
3 34 53 63
3 12 40 100
3 71 84 86
3 2 35 75
3 14 23 71
3 10 64 72
3 2 28 36
3 12 19 47
3 10 19 98
3 2 67 70
3 9 27 33
3 27 63 65
3 21 53 95
3 28 58 86
3 17 95 97
3 3 35 46
3 1 27 48
3 16 28 29
3 7 79 82
3 21 38 56
3 60 77 91
3 91 92 98
3 8 88 97
3 15 85 88
3 2 61 97
3 43 90 91
3 32 62 81
3 18 28 89
3 11 14 100
3 15 56 90
3 68 69 71
3 15 36 77
3 74 77 78
3 19 49 91
3 37 78 98
3 46 65 81
3 35 50 72
3 11 62 80
3 6 14 92
3 15 63 71
3 4 67 72
3 37 68 69
3 27 66 84
3 27 41 99
3 51 89 96
3 33 99 100
3 9 42 70
3 64 80 84
3 3 18 80
3 38 71 100
3 48 59 73
3 5 6 73
3 12 13 47
3 39 74 84
3 10 16 92
3 3 21 45
3 12 20 22
3 13 22 53
3 29 33 48
3 31 37 73
3 21 24 34
3 8 53 91
3 80 92 94
3 29 53 61
3 22 42 66
3 3 75 92
3 6 35 36
3 19 61 94
3 33 38 99
3 3 37 52
3 1 12 56
3 17 21 89
3 21 26 60
3 3 25 55
3 6 30 97
3 8 11 15
3 54 69 82
3 28 35 95
3 11 45 81
3 50 58 83
3 2 57 66
3 2 40 84
3 50 61 100
3 53 62 72
3 49 57 63
3 49 55 57
3 21 54 59
3 14 18 63
3 22 62 69
3 30 32 93
3 61 84 89
3 25 32 100
3 38 54 58
3 17 61 86
3 39 89 96
3 40 92 95
3 4 40 69
3 23 85 86
3 20 41 84
3 5 27 73
3 3 36 44
3 6 12 13
3 36 38 43
3 9 51 74
3 13 49 50
3 3 9 41
3 17 25 51
3 15 22 46
3 54 74 80
3 22 31 32
3 18 31 46
3 30 87 94
3 2 94 98
3 23 79 82
3 49 72 92
3 7 24 52
3 2 41 64
3 4 44 98
3 7 20 27
3 27 45 78
3 17 37 41
3 14 76 90
3 59 64 100
3 35 55 60
3 42 48 52
3 31 65 90
3 6 64 78
3 17 26 71
3 43 83 85
3 31 37 97
3 2 63 96
3 30 66 86
3 31 40 95
3 72 81 93
3 27 71 96
3 32 45 94
3 58 67 92
3 1 25 56
3 63 78 96
3 45 54 62
3 12 38 94
3 24 28 48
3 27 60 96
3 47 52 56
3 30 34 35
3 3 19 83
3 10 67 73
3 5 78 93
3 5 39 45
3 23 64 100
3 7 79 80
3 3 65 90
3 25 26 27
3 44 88 92
3 39 49 75
3 25 67 89
3 40 74 99
3 33 34 95
3 9 15 29
3 11 12 70
3 2 31 43
3 50 51 59
3 6 43 47
3 40 50 61
3 19 83 90
3 48 67 75
3 42 74 96
3 49 79 81
3 25 31 64
3 28 33 62
3 4 34 66
3 25 47 61
3 56 82 85
3 24 29 87
3 57 72 74
3 64 88 99
3 37 48 68
3 26 30 32
3 18 83 96
3 4 13 38
3 49 56 64
3 2 88 91
3 17 21 89
3 46 55 66
3 18 43 77
3 24 36 65
3 17 40 96
3 10 96 97
3 6 31 91
3 13 45 93
3 5 9 93
3 48 49 79
3 65 75 82
3 44 58 60
3 62 74 79
3 4 22 53
3 70 79 100
3 2 38 81
3 77 80 85
3 2 10 75
3 12 35 74
3 32 65 85
3 29 57 97
3 68 77 83
3 55 70 71
3 23 39 41
3 6 64 99
3 20 86 94
3 66 80 92
3 36 50 96
3 21 53 87
3 12 15 43
3 5 66 68
3 7 65 87
3 9 40 43
3 47 82 86
3 3 47 54
3 30 70 94
3 57 73 92
3 28 35 93
3 46 51 81
3 23 34 39
3 30 69 86
3 6 35 100
3 55 60 82
3 6 44 58
3 47 78 80
3 19 80 90
3 10 14 44
3 54 71 92
3 36 42 99
3 37 70 97
3 3 46 72
3 16 49 77
3 7 16 49
3 16 47 74
3 57 71 80
3 4 18 99
3 56 65 71
3 24 48 49
3 10 30 74
3 1 22 100
3 1 31 90
3 25 60 88
3 51 60 86
3 3 58 72
3 18 59 62
3 26 52 60
3 23 60 82
3 4 70 87
3 43 61 72
3 32 38 44
3 28 93 95
3 16 17 76
3 11 45 70
3 7 55 67
3 36 43 71
3 11 27 83
3 9 14 64
3 35 79 83
3 5 63 98
3 6 22 39
3 42 46 49
3 8 11 19
3 6 36 65
3 78 79 84
3 75 77 79
3 3 30 66
3 18 67 74
3 29 53 70
3 18 31 97
3 30 58 69
3 44 56 70
3 63 66 76
3 7 36 67
3 9 17 89
3 18 19 67
3 26 29 56
3 4 37 62
3 20 41 52
3 10 87 92
3 17 84 91
3 3 27 33
3 46 68 78
3 13 26 45
3 56 88 99
3 38 40 100
3 10 17 18
3 33 36 57
3 3 27 32
3 10 42 73
3 13 58 77
3 87 96 100
3 68 87 94
3 23 24 72
3 9 35 38
3 41 42 55
3 10 68 73
3 26 64 74
3 54 63 65
3 25 82 91
3 7 51 54
3 16 27 63
3 56 58 67
3 16 75 76
3 8 22 25
3 50 51 86
3 21 52 81
3 23 70 88
3 26 71 84
3 51 74 85
3 8 33 97
3 63 66 69
3 35 65 98
3 57 97 99
3 16 35 78
3 30 50 84
3 1 69 81
3 41 59 62
3 21 53 85
3 67 84 89
3 88 91 93
3 3 6 39
3 19 76 87
3 39 40 65
3 12 44 46
3 67 71 93
3 10 52 89
3 27 61 95
3 21 51 93
3 12 39 53
3 90 97 98
3 43 46 59
3 16 23 54
3 5 6 68
3 1 7 47
3 6 18 42
3 30 38 99
3 5 7 76
3 8 27 34
3 48 55 77
3 10 12 87
3 5 99 100
3 8 28 97
3 8 9 64
3 20 30 45
3 30 70 71
3 19 47 60
3 3 19 53
3 1 2 98
3 1 30 35
3 2 44 55
3 38 61 62
3 15 53 54
3 49 67 69
3 23 27 63
3 17 25 55
3 33 59 74
3 10 13 74
3 20 22 48
3 23 57 91
3 20 72 86
3 45 47 84
3 66 68 74
3 10 95 100
3 38 56 85
3 27 30 59
3 1 11 39
3 31 64 98
3 36 44 72
3 39 74 76
3 81 95 97
3 5 69 95
3 41 42 45
3 17 42 78
3 48 63 88
3 18 48 96
3 37 65 71
3 35 36 70
3 7 34 40
3 21 80 81
3 57 83 90
3 46 50 88
3 53 60 64
3 57 88 98
3 54 75 78
3 44 72 83
3 16 27 77
3 5 8 23
3 48 54 69
3 8 28 85
3 3 33 63
3 15 29 58
3 21 53 58
3 1 12 36
3 41 44 69
3 5 6 8
3 20 92 96
3 13 24 89
3 56 70 80
3 12 26 52
3 26 73 77
3 22 40 93
3 24 39 79
3 60 62 85
3 17 25 96
3 13 20 77
3 21 54 72
3 16 94 100
3 32 57 95
3 37 50 64
3 46 90 93
3 28 34 92
3 8 10 58
3 28 41 49
3 41 68 80
3 5 50 68
3 11 47 54
3 7 9 46
3 6 68 83
3 16 55 96
3 29 32 61
3 9 24 46
3 58 95 98
3 81 82 92
3 28 57 99
3 29 43 70
3 19 21 73
3 84 91 96
3 52 75 76
3 29 38 90
3 33 60 98
3 26 42 44
3 22 83 85
3 21 42 66
3 25 47 75
3 31 60 80
3 36 47 70
3 12 43 88
3 41 74 84
3 37 64 77
3 79 86 99
3 66 83 94
3 26 70 99
3 9 46 73
3 64 69 73
3 41 58 87
3 3 14 58
3 35 36 59
3 51 84 88
3 8 75 89
3 10 18 56
3 19 88 90
3 5 14 39
3 29 87 95
3 5 35 94
3 39 54 92
3 30 91 99
3 22 23 26
3 7 30 35
3 8 57 76
3 24 28 96
3 39 41 46
3 14 21 22
3 2 31 76
3 12 37 40
3 34 58 75
3 9 12 84
3 56 81 86
3 33 35 61
3 15 39 47
3 13 15 74
3 8 49 55
3 17 51 63
3 1 4 91
3 65 66 87
3 15 19 45
3 2 4 98
3 3 6 38
3 59 62 89
3 15 33 98
3 7 50 52
3 2 14 100
3 10 37 89
3 51 53 71
3 55 63 64
3 15 29 78
3 5 19 32
3 6 29 76
3 5 7 75
3 61 71 79
3 2 4 90
3 27 28 31
3 16 48 80
3 40 78 93
3 50 62 98
3 8 88 89
3 62 70 84
3 22 86 94
3 4 37 56
3 1 16 73
3 14 49 82
3 49 59 75
3 25 28 74
3 2 22 45
3 20 40 51
3 4 7 12
3 3 5 69
3 23 76 81
3 13 74 79
3 17 27 53
3 19 20 32
3 35 40 88
3 48 82 84
3 24 39 91
3 55 63 65
3 8 11 59
3 9 37 38
3 42 63 79
3 20 71 90
3 8 10 72
3 21 28 60
3 53 88 93
3 31 61 97
3 31 52 69
3 46 93 97
3 9 18 20
3 66 88 94
3 34 81 85
3 77 78 79
3 40 55 94
3 31 69 79
3 24 86 99

Test-case 10:
100
3 4 11 12
3 4 17 19
3 12 13 16
3 3 4 17
3 10 16 20
3 11 17 18
3 13 14 16
3 1 18 20
3 4 6 14
3 1 6 12
3 2 3 15
3 6 11 20
3 11 13 18
3 14 16 18
3 3 6 12
3 2 6 8
3 3 5 8
3 10 11 20
3 7 11 12
3 6 7 17
3 3 9 10
3 2 10 11
3 6 9 10
3 7 12 13
3 3 9 10
3 5 13 17
3 1 4 5
3 2 8 15
3 11 14 15
3 2 3 9
3 3 8 10
3 1 12 17
3 2 9 12
3 8 13 17
3 11 15 16
3 1 9 18
3 8 11 19
3 12 13 17
3 11 16 18
3 1 14 20
3 4 5 6
3 9 15 16
3 6 10 13
3 8 18 20
3 10 11 15
3 14 17 20
3 7 12 18
3 10 11 14
3 2 14 19
3 7 13 14
3 17 19 20
3 3 4 7
3 1 2 18
3 5 9 11
3 1 5 14
3 2 8 19
3 4 5 18
3 1 2 3
3 5 10 15
3 7 19 20
3 4 16 19
3 4 5 13
3 1 12 20
3 5 7 14
3 6 7 15
3 2 4 16
3 5 13 19
3 2 3 20
3 9 16 18
3 1 6 7
3 6 19 20
3 8 9 17
3 9 16 18
3 6 8 10
3 2 7 19
3 3 7 13
3 2 3 17
3 3 17 18
3 5 10 12
3 4 9 19
3 1 5 12
3 8 10 15
3 4 15 16
3 5 8 17
3 4 11 14
3 7 13 15
3 6 15 16
3 1 10 15
3 8 12 13
3 12 18 19
3 5 7 15
3 8 9 14
3 1 17 20
3 16 19 20
3 3 19 20
3 1 2 4
3 14 15 18
3 6 8 19
3 1 9 16
3 7 9 13
