200 50 3
6 9 37 19 11 34 3
4 20 35 33 1
6 49 20 39 38 21 28
4 41 38 1 17
4 9 47 6 28
4 3 15 32 11
6 16 11 43 9 13 8
4 47 37 10 1
4 35 50 24 40
4 11 34 43 2
4 42 13 8 48
4 26 31 20 15
4 6 39 12 20
4 8 47 12 39
4 34 18 44 12
5 48 13 36 3 29
4 35 20 17 40
6 16 38 12 37 3 2
6 38 5 20 31 35 40
4 32 41 31 4
4 31 47 48 38
6 25 14 3 35 30 8
4 26 27 44 5
8 2 15 49 21 5 30 43 44
4 27 22 46 12
4 33 48 16 26
8 40 45 4 22 44 34 20 16
4 17 10 38 32
4 13 38 21 12
4 23 3 46 20
4 43 10 20 7
6 9 26 50 44 46 35
6 11 43 10 36 50 16
6 47 8 43 9 45 31
4 16 46 10 23
4 20 4 11 27
4 49 38 32 24
4 34 8 35 20
4 21 42 2 47
4 36 12 20 38
4 5 14 23 29
4 19 8 44 33
4 18 47 20 26
4 36 15 22 49
5 24 14 42 11 40
4 12 49 4 14
7 19 23 29 8 25 24 15
4 24 25 45 11
4 46 38 26 30
4 22 49 8 32
4 19 43 32 50
5 34 44 25 10 5
4 45 26 21 7
4 4 47 12 39
4 7 26 3 15
6 31 26 24 32 49 42
7 48 11 5 40 36 9 6
4 6 42 12 20
4 14 22 10 41
4 38 26 1 20
4 2 46 24 25
4 16 50 44 2
4 50 33 30 21
4 17 43 10 26
5 48 20 19 30 27
4 29 3 40 1
5 21 19 23 7 4
4 42 48 3 36
7 36 25 26 3 34 47 37
5 28 26 33 29 25
4 7 12 26 24
4 50 46 23 4
5 1 6 47 30 20
5 4 36 41 26 35
4 7 35 10 2
5 3 45 36 31 33
4 46 42 18 14
4 48 33 17 3
4 34 19 3 2
4 34 35 29 16
4 28 8 40 29
8 42 49 8 40 32 4 12 29
4 5 9 39 33
4 37 17 44 11
4 1 9 50 19
4 25 3 44 6
4 40 10 30 35
4 29 34 26 6
4 34 9 47 18
4 14 6 4 22
4 29 13 39 5
4 26 23 21 47
4 4 42 12 5
4 23 49 11 34
5 48 1 7 8 34
6 35 39 33 46 3 45
7 19 5 39 31 47 20 3
4 13 25 39 50
4 25 38 27 8
4 9 31 23 30
5 34 1 40 3 45
4 3 9 35 10
4 8 10 47 35
4 20 25 24 23
7 29 9 49 15 31 46 32
4 3 33 7 4
6 50 6 14 17 42 1
4 2 3 27 14
4 34 7 45 1
4 34 28 15 6
4 46 31 50 38
5 46 31 10 27 48
4 6 22 27 30
4 24 9 6 33
4 7 15 19 33
4 46 31 29 14
8 23 14 18 19 3 34 9 41
4 50 12 4 13
5 12 11 19 15 3
4 19 25 15 28
4 45 49 32 2
4 24 9 10 12
4 23 15 25 30
5 9 16 33 31 4
5 9 7 31 10 33
4 36 10 40 24
4 19 34 9 32
4 18 25 11 4
4 16 20 9 15
4 43 31 28 6
5 2 6 14 5 12
5 33 20 42 14 10
4 9 22 19 24
4 46 37 21 29
7 46 30 45 31 24 35 39
4 39 33 26 7
9 27 25 32 3 38 36 47 31 44
7 32 6 15 17 38 18 49
4 6 22 4 21
4 20 42 2 24
6 5 32 9 48 35 30
8 31 3 39 37 36 27 41 43
7 9 4 38 14 36 13 22
5 31 11 2 47 44
4 43 29 5 9
4 10 19 40 49
5 47 50 8 29 15
7 41 26 31 30 5 28 4
4 8 18 9 5
4 6 20 3 39
4 30 25 15 3
5 38 45 42 44 43
5 23 47 8 17 18
4 10 8 46 45
6 1 17 13 4 34 10
5 7 46 22 45 4
4 44 13 32 16
4 10 32 17 7
4 2 30 50 44
4 7 2 27 10
7 16 29 27 23 15 17 7
4 44 7 39 9
4 50 4 5 17
4 15 38 46 6
4 28 10 14 31
4 24 50 2 15
4 22 5 2 37
4 47 32 27 15
4 17 44 14 48
5 48 34 36 50 4
4 3 2 8 35
5 21 39 50 47 6
4 31 30 41 40
5 24 41 8 33 12
7 41 21 16 43 30 20 46
4 32 14 15 37
6 49 42 32 9 13 18
4 7 15 41 50
6 37 41 21 49 32 36
5 44 17 29 36 15
4 31 15 29 11
4 44 35 3 27
4 35 47 31 5
4 47 48 30 3
5 7 10 33 37 9
4 17 4 21 19
4 43 16 50 47
4 33 29 3 27
4 39 33 49 10
5 17 18 23 45 1
4 25 26 36 49
4 21 32 47 29
4 9 10 37 17
4 18 5 12 48
5 11 45 48 25 37
5 6 47 46 37 5
4 36 32 20 16
4 22 20 27 13
4 10 37 40 18
4 38 37 30 6
