1500 250 3
10 151 30 74 18 1 119 134 223 4 247
8 6 203 247 26 173 196 76 172
11 100 173 101 39 74 126 84 112 28 137 81
8 231 29 138 191 94 160 119 14
6 123 146 105 96 143 225
6 177 78 42 146 231 33
15 172 97 243 14 22 134 121 196 120 105 205 133 100 156 32
9 113 47 248 72 131 194 215 171 188
6 116 173 96 177 221 22
9 113 47 241 108 117 196 219 232 140
11 68 10 228 195 145 44 240 137 76 94 28
11 53 206 72 210 204 78 177 191 123 167 26
11 206 176 224 120 222 183 180 203 225 112 228
10 63 22 38 153 167 36 235 234 12 238
10 74 168 219 47 96 68 69 126 161 44
14 200 119 117 27 83 47 154 126 102 171 118 79 231 85
4 49 9 74 164
12 188 128 14 49 69 3 204 166 171 199 41 59
14 171 230 225 236 216 231 84 30 150 60 180 182 92 23
11 143 237 60 61 75 186 227 223 169 33 90
11 205 215 76 236 20 193 234 128 131 147 162
14 176 147 20 51 217 182 62 249 10 23 21 139 44 91
10 12 5 75 77 164 241 8 171 124 223
6 36 60 231 163 39 152
11 135 32 110 240 153 69 40 25 11 193 107
7 132 3 95 247 170 53 111
11 181 19 142 103 11 146 82 72 89 101 83
9 36 85 222 118 25 20 120 172 2
8 34 195 134 95 212 197 141 154
8 74 44 70 113 36 49 24 188
11 129 31 9 238 41 104 138 49 172 28 237
12 71 120 170 143 74 217 211 75 171 187 3 14
4 126 49 170 165
6 233 45 38 205 144 133
10 187 42 206 128 203 172 83 96 165 33
9 250 70 222 61 12 121 238 6 126
7 93 166 186 104 214 3 150
8 152 102 247 37 117 86 240 130
10 149 163 176 69 175 106 110 212 11 121
8 245 55 46 191 173 230 40 176
8 143 185 76 31 19 248 145 146
9 23 51 72 134 173 91 126 197 64
8 78 121 175 239 226 223 213 246
11 11 164 133 168 103 208 16 194 100 43 146
7 107 148 192 168 178 135 203
7 56 221 133 114 47 138 161
13 247 138 20 218 149 56 110 33 98 230 215 213 112
11 241 55 80 14 218 105 39 97 205 164 76
13 55 144 162 44 120 37 26 183 103 30 84 104 165
9 130 99 58 113 49 128 173 74 4
5 167 53 60 228 241
7 16 248 162 32 62 122 130
8 85 225 33 184 14 62 71 64
11 54 119 43 148 106 57 145 80 131 118 235
9 55 215 187 124 57 168 3 229 62
5 244 21 24 142 23
10 201 8 80 18 88 62 117 44 176 48
10 152 1 218 79 166 7 106 11 173 176
7 27 208 47 53 36 136 91
14 177 90 89 139 191 101 158 223 52 20 179 124 215 110
9 243 76 50 223 20 98 84 22 116
10 156 92 10 118 157 42 147 190 144 183
8 80 30 207 146 109 47 188 35
6 10 135 194 141 152 172
10 210 164 235 12 30 202 224 37 194 104
11 81 113 55 102 148 189 91 47 162 149 226
16 86 140 162 206 15 210 3 33 66 127 17 191 126 121 183 93
10 214 197 198 55 73 143 149 209 169 191
14 69 100 133 157 87 57 39 167 76 233 171 135 228 203
9 48 31 69 199 230 124 108 219 93
7 97 59 104 58 176 214 81
7 143 12 105 131 216 163 212
16 181 230 82 70 4 108 167 36 124 12 156 190 195 194 141 68
8 238 171 118 195 212 60 101 183
12 35 23 11 197 166 147 244 208 53 104 184 17
10 187 138 213 99 239 24 205 63 26 112
9 227 72 186 237 52 234 99 169 191
6 239 98 235 57 118 58
6 242 160 179 131 15 167
7 217 53 35 198 189 220 208
5 20 55 13 233 144
6 209 70 200 248 184 177
15 228 249 214 19 221 139 61 227 244 201 148 248 240 129 121
10 40 248 143 37 151 12 182 20 235 212
10 44 59 204 60 214 100 20 182 39 26
8 172 208 19 220 130 164 54 32
7 183 170 26 224 137 185 205
9 59 240 136 68 70 250 96 129 120
12 63 44 153 172 152 156 34 242 187 212 11 95
5 241 90 234 36 6
9 62 139 13 145 122 95 4 187 21
9 145 110 14 22 211 4 90 128 179
12 27 168 188 113 231 33 178 131 101 1 225 180
10 146 238 20 137 58 195 188 36 10 151
4 52 62 239 249
10 166 215 43 72 178 250 104 193 219 180
19 159 92 16 48 22 169 69 124 24 88 41 161 54 99 176 209 183 206 142
15 42 26 32 226 64 221 18 87 21 225 244 243 187 240 76
9 53 215 27 87 22 165 35 232 183
12 115 35 7 79 135 243 211 65 119 153 50 32
11 73 232 92 91 247 220 202 233 163 11 119
7 105 157 8 162 225 93 163
5 247 89 57 210 145
11 44 51 140 63 82 233 186 98 35 6 16
9 128 196 139 227 108 249 26 138 23
10 176 61 19 212 214 46 233 223 78 210
11 19 101 92 239 99 60 226 116 91 204 85
10 108 155 22 174 187 37 146 234 166 41
10 70 7 170 138 68 217 240 186 59 112
10 87 158 180 76 46 162 65 47 97 130
20 110 187 194 78 160 38 117 220 246 140 30 50 157 109 163 138 215 214 65 241
14 234 68 9 24 45 148 155 151 203 199 210 128 179 3
10 236 52 171 197 207 185 57 89 150 14
12 5 138 59 90 28 200 115 147 126 104 54 136
11 234 155 206 149 227 73 178 75 236 59 77
8 98 65 230 100 119 28 26 169
8 77 82 68 74 43 1 205 71
8 64 116 125 211 118 178 131 218
16 125 161 162 242 249 113 215 5 151 126 69 148 53 159 55 31
5 162 26 59 177 178
10 243 172 54 84 30 18 213 14 221 165
9 122 247 104 237 27 203 249 240 188
9 75 226 118 51 161 212 158 188 108
15 103 161 236 188 102 168 100 119 16 90 202 164 115 105 163
10 85 97 173 119 58 12 25 92 183 124
17 23 102 224 34 66 196 151 79 129 206 40 73 123 207 222 179 236
6 146 119 243 11 181 34
9 114 210 121 147 238 208 109 177 30
9 153 145 229 90 103 197 24 143 172
9 60 192 202 104 154 84 222 143 237
14 132 21 55 38 151 137 39 119 32 33 193 5 149 173
11 189 28 143 214 177 145 79 50 198 46 155
6 158 137 45 205 176 35
10 135 219 202 238 79 246 130 160 240 154
12 68 182 125 32 19 33 24 185 50 92 181 54
13 90 243 228 231 25 40 48 16 200 75 239 201 205
12 3 77 87 52 32 231 131 217 203 113 153 127
7 52 82 241 202 219 32 69
9 100 7 54 96 170 4 47 162 159
10 221 116 172 11 92 72 33 39 166 194
13 241 198 222 57 126 178 14 106 80 56 99 156 13
10 202 185 8 35 10 192 216 133 176 178
15 38 126 34 95 30 75 72 182 161 175 119 86 56 41 167
11 53 68 3 45 249 247 200 110 100 96 230
14 102 160 223 117 65 96 173 128 52 133 224 199 210 92
12 68 239 14 220 143 226 117 181 47 190 105 200
11 243 192 184 90 20 212 95 120 116 199 80
5 104 22 249 140 67
11 141 135 159 116 79 9 29 213 71 101 44
7 138 244 140 224 27 129 8
13 32 212 100 227 118 38 90 217 92 78 57 234 219
13 66 32 61 188 25 39 62 176 234 86 23 109 229
8 127 31 205 209 168 180 4 164
11 159 101 211 125 64 233 230 242 38 50 84
17 192 109 71 43 8 108 230 246 51 233 98 80 182 145 65 26 166
12 77 51 38 235 63 100 136 148 103 139 11 209
5 157 25 213 155 169
8 33 82 130 46 243 149 204 221
10 61 147 205 11 207 84 221 149 148 106
14 3 238 60 133 84 192 76 200 11 56 179 232 8 166
14 11 109 57 59 82 103 124 76 26 79 238 131 219 228
9 178 121 171 51 190 247 173 217 239
12 116 185 52 114 177 215 125 207 126 106 187 67
5 106 196 215 238 79
7 71 214 23 203 94 235 62
8 162 144 208 196 186 119 70 124
9 121 217 136 100 244 74 106 127 236
11 234 148 105 36 107 151 112 232 122 110 93
12 167 30 185 76 190 41 196 130 133 19 215 28
9 37 184 200 35 247 28 129 44 40
12 128 206 74 102 63 70 48 144 172 79 60 183
15 88 20 53 81 102 58 23 57 127 61 18 243 217 121 246
11 44 224 221 158 237 78 3 75 71 139 2
12 239 88 24 103 79 21 5 20 49 144 247 23
12 88 110 65 10 201 223 149 235 38 229 105 239
7 233 2 13 60 99 108 178
11 170 180 216 150 230 83 15 103 198 66 123
12 57 177 114 245 137 48 228 82 135 40 139 161
7 80 178 109 196 17 125 115
6 126 92 150 38 211 158
7 114 130 228 210 221 103 40
9 2 192 3 23 246 10 33 8 174
11 53 187 121 49 155 60 138 101 166 98 27
9 78 224 76 73 189 212 138 65 83
5 23 208 183 134 121
14 236 101 36 204 130 99 72 150 97 109 78 42 241 74
14 34 79 172 166 235 164 19 23 40 226 229 129 212 18
13 201 138 77 150 250 218 103 207 213 196 183 204 160
11 61 246 248 138 235 176 125 223 70 72 237
16 185 141 217 91 226 202 22 208 74 58 119 105 171 133 158 3
5 81 233 230 200 22
11 65 246 39 170 91 214 195 187 36 99 151
8 88 202 112 5 220 3 200 102
7 215 63 58 79 188 17 93
12 220 132 229 122 129 234 20 241 47 73 208 222
14 54 195 67 217 133 135 107 146 176 125 19 91 87 18
12 201 6 237 202 230 107 233 232 138 153 174 183
8 133 238 231 156 167 7 198 56
12 153 192 70 133 99 213 82 180 188 25 152 177
10 118 244 15 33 207 179 127 109 71 218
10 85 164 81 98 108 27 51 118 10 187
7 50 110 23 59 150 119 66
9 236 20 200 85 61 113 59 95 71
10 125 99 122 119 230 193 165 20 63 164
9 107 141 101 21 214 210 82 29 138
12 13 24 151 75 87 95 145 26 52 50 184 231
15 150 97 39 103 179 142 233 116 93 211 100 41 220 24 29
10 25 88 196 75 27 203 74 68 56 173
10 188 48 177 147 116 123 22 121 122 156
6 136 29 112 120 145 235
10 53 5 32 234 141 185 170 166 242 151
15 114 54 122 135 151 212 3 101 16 202 217 134 142 74 63
11 107 48 166 111 109 224 126 40 57 145 108
10 242 204 150 229 196 71 112 77 121 195
7 38 31 10 59 128 12 37
11 116 222 31 69 83 64 94 173 197 188 52
15 169 160 23 91 221 119 88 100 224 191 232 13 239 130 137
11 63 233 68 100 4 178 170 179 14 79 166
14 103 161 98 227 240 67 29 77 137 102 115 5 187 47
7 172 240 174 11 185 2 224
7 239 124 237 193 104 123 141
9 46 182 99 151 152 103 11 172 209
17 114 39 119 74 142 49 199 166 202 240 22 237 157 112 109 196 204
14 32 192 240 149 200 39 40 86 103 159 13 42 221 237
14 203 28 245 170 103 95 165 129 60 218 101 121 229 207
8 186 240 18 7 218 243 169 139
8 176 205 246 125 60 37 165 62
13 154 201 195 39 171 225 185 76 244 67 182 40 161
8 42 213 219 226 53 160 138 224
6 108 212 80 32 143 112
8 217 221 181 44 50 200 35 64
6 200 173 10 27 206 244
10 90 139 224 186 107 163 67 195 79 82
9 85 153 189 140 16 111 151 72 31
10 191 227 80 127 211 244 107 62 99 224
12 177 218 192 104 107 212 200 142 25 220 204 69
15 225 157 209 16 182 232 126 97 68 170 99 24 28 115 227
10 44 204 155 55 219 183 35 209 180 5
6 40 180 172 1 91 44
11 34 139 197 128 16 237 63 183 50 9 179
13 215 185 81 197 144 83 246 21 126 79 184 19 121
13 203 47 229 238 55 18 179 111 163 97 2 126 67
11 35 74 217 36 185 200 31 141 26 211 105
8 87 199 4 246 153 30 23 14
11 182 209 242 152 67 241 179 190 171 36 146
8 199 28 151 78 113 35 106 216
12 154 161 128 26 199 250 40 53 237 172 212 75
11 30 130 245 95 246 154 112 184 233 197 73
8 181 157 167 170 61 72 162 132
9 179 168 236 224 171 222 149 170 249
8 30 174 84 236 227 43 225 53
9 94 141 210 57 243 8 56 93 106
15 198 149 194 106 203 58 116 143 131 172 249 43 126 35 7
10 136 185 248 123 151 230 26 246 249 97
9 207 71 78 175 93 126 149 245 209
11 191 113 76 117 14 243 149 19 213 190 6
4 1 199 113 84
7 247 218 113 178 196 93 243
5 201 59 37 141 102
10 84 141 25 104 46 187 95 16 250 23
10 215 60 95 6 72 39 196 87 213 2
7 105 182 95 245 173 218 230
12 210 129 125 9 18 100 152 158 237 123 133 3
7 69 85 130 62 8 35 238
19 181 231 16 126 190 142 104 195 88 155 179 26 196 109 33 154 180 156 27
9 202 80 95 7 209 178 217 19 8
8 225 211 200 138 109 83 29 4
8 133 129 225 4 138 59 86 250
14 188 111 215 200 244 131 129 14 115 8 153 150 109 48
12 135 1 150 172 72 61 50 40 41 228 134 115
9 161 182 215 228 236 173 8 249 14
5 164 29 41 36 219
13 172 165 194 145 152 153 20 120 219 196 28 93 77
9 103 28 210 95 21 241 148 201 206
12 45 100 56 128 75 135 147 145 44 180 173 49
13 176 215 222 129 235 78 126 57 153 48 162 245 97
10 92 179 223 128 72 111 105 229 69 132
9 174 9 112 89 86 192 176 143 149
9 155 135 42 214 174 41 246 136 82
11 208 45 216 144 240 84 140 65 18 200 13
8 20 58 27 124 74 154 191 109
12 82 177 216 7 143 64 118 126 161 208 191 223
10 185 49 118 106 129 20 233 17 163 158
7 45 153 22 218 64 21 136
8 177 18 243 171 205 203 120 191
9 148 190 137 128 168 243 46 30 81
12 230 84 50 134 164 127 78 141 136 83 247 194
11 19 86 221 156 6 211 37 62 82 228 190
9 146 216 137 101 239 204 50 135 108
12 194 52 18 120 234 4 147 163 207 196 123 29
15 229 213 39 171 130 187 18 238 204 124 139 104 125 210 128
8 207 5 75 44 66 191 10 167
10 239 186 109 95 79 119 68 243 233 248
9 210 102 118 35 200 249 132 19 30
9 51 78 9 32 114 93 134 235 120
4 93 105 145 162
7 34 115 202 4 180 198 165
15 32 48 101 220 237 129 13 134 116 159 132 105 52 205 194
10 205 16 27 174 218 216 153 139 190 186
11 84 104 82 219 41 162 221 248 199 172 226
14 185 164 106 79 48 206 84 184 160 181 149 25 6 183
7 175 83 7 165 118 224 159
13 195 151 237 199 222 159 240 92 174 100 173 171 120
8 223 137 118 136 233 71 169 104
13 69 248 12 216 153 91 3 149 26 179 79 227 43
10 170 80 148 189 208 66 51 207 124 177
10 152 84 208 73 180 77 164 205 215 61
4 121 218 245 64
11 75 1 7 178 199 86 223 153 184 155 141
11 209 194 63 69 192 144 177 138 151 189 180
4 175 30 13 31
6 136 68 248 146 173 160
10 22 218 120 144 158 109 193 129 106 112
7 143 11 167 127 125 76 86
11 70 173 241 94 188 177 166 109 208 48 79
10 218 109 219 106 141 116 203 41 8 144
7 189 38 245 93 137 116 217
12 21 39 65 190 99 121 164 131 239 16 84 82
10 123 228 182 59 49 165 5 142 245 242
11 185 102 82 77 90 200 135 79 46 166 47
10 90 117 50 248 97 215 154 195 165 226
5 132 206 146 199 65
7 133 66 241 186 168 188 233
14 179 74 14 150 42 101 241 100 12 64 129 154 76 204
12 71 176 141 191 13 236 168 104 56 216 162 76
12 157 24 70 198 42 216 241 35 20 142 61 108
7 184 205 171 158 129 9 37
10 53 116 248 156 27 146 208 213 127 40
12 6 33 120 165 210 71 53 243 148 95 224 178
20 61 15 195 198 156 20 118 7 49 203 28 29 240 158 228 166 63 155 19 11
6 177 92 211 247 80 130
10 42 204 182 38 94 199 3 39 23 179
11 211 171 28 179 223 52 150 46 222 143 176
11 141 133 130 85 197 167 146 118 128 54 42
9 95 235 4 131 160 231 1 233 53
8 249 133 199 242 146 158 100 178
15 219 27 239 250 95 23 56 41 221 204 5 150 188 223 198
10 79 183 167 41 116 106 199 98 176 150
10 23 138 207 110 248 20 108 97 62 210
14 16 54 189 208 43 57 59 155 145 56 88 117 170 39
13 42 18 31 65 233 126 101 1 28 124 141 196 151
6 42 38 31 30 222 175
8 59 190 126 242 216 119 233 165
9 242 166 146 197 91 12 195 94 217
9 163 150 5 53 165 40 212 250 201
6 119 126 224 79 220 155
9 50 199 147 30 150 155 202 222 215
11 119 97 183 152 11 173 210 200 74 8 115
14 173 171 244 208 147 216 19 169 186 220 177 184 86 98
19 212 16 146 233 51 196 121 43 60 127 87 139 117 147 129 61 20 132 2
15 147 246 124 224 156 171 105 169 79 6 167 161 222 248 170
6 237 238 167 71 139 44
13 61 70 212 27 248 232 114 98 147 22 194 17 203
9 109 194 141 69 122 68 199 28 39
11 67 30 24 222 99 167 122 103 86 94 108
8 86 9 234 111 96 148 193 138
12 144 37 236 18 149 79 3 222 77 22 224 44
12 228 159 202 64 154 169 249 10 246 220 100 9
8 114 95 233 50 119 235 39 84
16 247 157 104 176 250 15 201 192 220 59 26 64 33 108 226 100
8 52 23 94 147 8 165 2 43
10 32 142 178 199 145 15 40 77 107 128
13 192 68 241 172 154 185 159 194 82 32 71 96 53
7 139 220 34 174 134 239 92
10 77 70 139 167 204 104 44 196 124 88
9 131 61 249 193 146 51 100 178 6
5 111 14 141 140 17
13 27 3 103 242 26 9 171 121 187 12 143 34 148
11 141 169 167 30 229 76 109 144 74 179 149
7 111 26 60 160 15 113 36
11 225 188 247 140 112 73 51 178 133 174 93
17 206 165 61 191 17 97 147 142 166 104 235 109 173 108 44 128 75
13 40 198 200 54 114 182 39 221 129 218 231 151 6
8 45 132 127 211 89 238 72 84
9 211 145 86 235 181 176 217 137 248
10 28 114 31 24 154 76 242 193 47 128
11 95 243 231 140 119 151 70 213 36 27 5
7 140 141 19 241 190 178 185
6 239 211 117 186 173 240
11 211 73 86 137 75 87 55 106 83 242 206
7 214 70 66 208 146 118 77
12 202 12 96 30 8 31 176 78 133 68 151 127
8 17 178 127 202 110 185 171 46
7 105 78 8 150 196 208 222
12 46 145 239 4 165 64 12 80 206 144 104 47
6 115 98 136 236 197 114
9 179 149 88 161 89 188 168 84 176
13 204 156 241 62 196 127 82 81 75 69 154 101 230
10 125 140 50 143 19 241 32 79 134 20
10 217 247 177 198 152 236 39 186 80 212
14 203 22 139 136 211 116 37 79 163 239 225 7 10 87
10 99 187 250 87 4 1 185 248 150 227
6 94 135 202 74 110 92
9 132 164 108 9 201 232 217 20 191
9 146 1 136 69 55 125 120 100 227
11 228 225 86 138 98 183 42 139 227 99 50
9 15 13 9 234 145 121 89 74 119
4 113 221 130 211
10 206 174 89 211 132 244 145 49 118 217
15 34 11 74 249 167 29 244 149 219 17 93 154 118 113 194
8 232 35 96 138 48 214 219 169
16 94 120 121 154 90 236 41 179 5 215 60 100 50 101 213 238
10 228 3 88 167 142 32 246 116 58 15
4 87 58 102 39
14 222 218 10 236 206 197 174 243 118 110 201 35 45 74
10 243 31 130 34 68 107 120 65 185 57
17 223 75 56 74 224 49 25 163 164 244 121 122 245 161 229 82 100
10 71 69 245 152 30 122 74 82 97 96
9 225 6 32 120 203 125 31 58 223
9 144 226 39 152 17 50 37 173 234
16 64 105 174 11 115 186 54 146 131 100 161 185 65 106 29 159
7 187 23 112 198 125 29 45
8 227 246 146 249 219 230 202 184
6 64 17 113 70 248 215
10 209 31 218 70 27 43 89 217 196 242
11 220 61 7 249 114 68 172 237 34 244 51
8 11 41 246 50 96 120 129 240
12 192 139 176 8 231 170 168 141 81 26 91 108
9 212 115 152 235 59 155 18 72 71
9 136 250 164 87 169 155 85 112 230
11 92 55 191 132 47 131 198 241 193 206 121
11 187 167 174 15 237 81 84 54 108 13 137
6 229 241 74 56 7 217
11 76 223 174 175 204 115 151 177 202 237 186
12 119 182 150 80 104 145 155 168 205 26 185 249
9 139 219 91 15 144 59 70 209 189
10 143 223 96 177 171 156 93 60 148 146
6 234 224 220 47 25 210
12 143 70 184 38 225 214 16 248 98 166 42 168
14 55 112 106 165 168 77 3 70 126 226 115 4 66 241
8 68 132 186 147 228 196 177 87
14 92 135 228 96 28 16 93 200 131 190 1 89 18 51
13 159 87 225 90 65 23 231 110 124 14 169 249 107
8 81 36 114 164 5 53 232 163
8 229 95 156 9 14 63 175 94
10 163 120 122 10 148 224 167 116 84 194
10 56 108 127 91 94 125 71 63 152 118
11 25 116 187 147 6 196 234 149 242 144 191
9 26 27 148 138 76 107 211 78 195
9 70 200 218 79 16 41 124 119 165
4 55 21 3 115
10 8 229 130 111 24 180 222 235 185 177
10 249 157 103 95 45 84 72 181 151 153
13 101 232 194 91 182 8 79 17 56 71 97 88 210
16 139 74 40 54 35 7 106 99 41 89 88 202 102 148 173 248
10 73 194 213 58 231 15 133 108 175 191
10 149 139 147 82 151 86 194 237 49 73
8 17 56 86 183 9 202 47 89
9 244 61 213 239 160 33 64 52 154
9 61 26 144 72 73 189 154 37 209
6 245 122 73 231 97 210
10 97 206 223 42 145 183 226 92 245 176
12 183 36 169 90 59 102 153 222 223 24 105 243
8 10 67 158 236 231 170 113 172
11 176 23 248 147 61 39 121 102 249 25 230
11 11 243 125 41 249 225 20 132 80 167 86
12 137 217 174 22 10 55 243 83 195 97 89 191
9 209 36 46 216 43 146 241 119 208
4 233 148 124 219
12 124 59 201 79 76 133 152 7 78 142 115 202
12 48 200 69 228 203 193 192 162 174 207 25 132
11 174 136 217 80 134 87 196 181 188 71 76
12 101 82 20 222 122 106 169 206 79 131 89 151
10 78 154 23 177 88 190 44 72 129 131
6 215 219 85 40 63 88
12 46 236 179 226 61 156 92 55 249 60 198 37
6 150 89 97 246 115 139
8 61 30 186 177 207 20 38 184
11 153 98 56 224 69 96 41 189 172 239 43
9 132 200 93 69 250 212 152 77 231
14 238 236 44 217 48 64 170 183 140 168 161 94 7 155
10 141 240 73 144 28 216 180 85 30 79
10 141 104 32 51 44 212 99 5 48 38
7 145 150 57 53 198 139 6
12 171 146 181 172 178 131 209 7 6 57 1 118
14 102 111 120 214 243 18 138 184 139 103 226 125 197 1
13 25 161 216 200 212 123 73 27 184 196 30 46 29
10 121 173 211 156 76 31 117 44 73 172
11 197 35 201 207 223 106 241 83 155 62 199
12 76 238 114 65 23 250 56 96 245 182 82 72
8 195 159 166 130 89 60 33 218
4 64 240 149 60
8 25 197 143 231 70 82 66 205
12 198 126 81 165 153 172 2 120 181 179 160 20
5 175 110 241 196 180
4 168 23 204 62
11 156 183 233 25 70 78 152 90 178 220 215
9 133 45 247 132 243 186 36 42 166
12 64 207 49 238 126 138 224 60 84 58 166 236
11 162 180 233 163 111 234 77 208 121 158 54
5 92 186 137 74 50
10 133 18 161 35 139 23 196 205 26 86
12 247 76 29 234 100 203 212 183 206 250 164 11
7 30 212 236 11 206 95 93
11 155 98 213 38 164 74 219 149 14 20 104
8 61 213 164 105 184 227 2 57
7 52 87 51 110 22 8 124
9 36 169 150 232 38 242 234 6 158
7 246 67 86 181 129 130 135
13 48 174 140 102 181 75 35 165 207 202 227 156 222
5 89 182 115 137 175
8 42 239 143 124 141 48 228 8
6 61 113 145 120 182 248
8 122 237 31 27 76 219 200 146
7 5 66 182 157 31 81 50
11 35 86 117 188 203 152 210 103 248 25 6
4 160 223 66 145
13 92 100 24 184 163 75 79 12 104 52 99 13 217
8 62 160 97 183 189 39 208 78
10 143 102 177 6 88 249 216 226 28 203
10 133 16 38 51 3 33 56 23 39 71
4 8 54 76 239
8 109 207 101 74 96 126 186 100
11 36 39 228 214 145 87 98 12 40 161 134
10 26 44 155 15 174 102 143 239 147 67
7 60 61 52 179 163 122 168
9 51 5 16 13 115 106 180 220 15
10 86 128 202 72 169 63 91 116 211 60
13 215 249 234 181 10 84 18 17 199 6 61 147 169
9 86 215 232 106 37 220 149 202 21
12 191 177 48 113 198 12 93 36 152 22 150 73
8 88 54 125 25 214 106 117 17
4 193 165 244 125
7 87 107 88 17 196 86 247
10 229 239 174 159 132 232 211 111 52 65
9 204 228 239 166 70 13 193 76 200
7 87 52 129 149 2 50 163
9 191 131 166 146 49 37 75 26 120
12 75 152 210 84 8 184 60 139 172 123 107 47
6 83 80 151 99 171 140
15 112 105 212 184 97 24 228 244 51 167 168 157 134 83 233
6 174 233 242 196 90 146
12 10 183 112 86 91 101 215 32 126 53 76 88
7 136 223 3 167 108 104 54
15 10 108 131 179 151 75 134 183 167 203 125 30 46 217 206
9 47 226 45 133 21 240 109 140 93
12 168 105 250 195 127 39 216 2 107 26 205 47
7 243 186 150 68 30 168 145
11 94 186 85 52 196 84 32 111 138 110 229
20 137 196 213 49 53 120 122 216 164 240 141 88 55 89 48 170 97 25 18 33
9 115 126 189 111 76 245 21 171 61
14 4 199 111 245 152 92 231 97 48 82 189 194 86 169
10 174 131 46 163 145 45 60 139 112 194
7 8 110 73 170 18 62 115
11 227 22 76 120 242 66 86 44 162 204 183
11 146 147 39 19 84 164 203 149 206 133 200
9 84 231 233 38 213 204 230 97 125
11 215 155 223 186 48 230 161 33 195 23 115
13 222 139 81 78 33 6 13 178 76 191 105 233 30
6 41 238 83 1 247 49
10 48 189 16 124 161 118 64 185 186 240
9 193 228 111 219 24 221 113 142 114
6 236 44 151 110 239 196
12 173 247 244 166 49 55 65 45 138 37 133 241
13 92 58 157 201 145 184 123 149 19 112 245 59 197
8 78 108 123 194 192 118 20 33
14 16 82 214 192 32 232 119 172 217 231 39 111 121 34
13 226 157 71 140 210 162 193 41 73 57 64 92 17
18 190 137 175 19 158 84 88 179 63 195 198 112 56 44 58 118 12 160
13 21 83 231 80 101 227 153 70 198 84 59 165 66
9 80 240 116 235 51 101 129 11 86
12 190 35 54 229 81 40 105 239 33 111 248 198
6 186 243 154 205 152 233
15 61 111 46 145 45 126 146 89 15 12 232 117 173 229 62
9 246 136 54 112 219 164 114 141 35
10 174 247 153 76 127 79 167 242 60 80
7 207 205 141 3 18 30 14
10 75 1 204 26 139 25 147 162 50 245
10 82 241 223 107 210 194 87 90 38 66
12 10 73 220 232 39 159 85 236 23 156 93 211
19 92 120 136 9 133 160 178 186 51 181 151 127 126 232 21 96 139 2 128
10 22 43 67 242 115 186 140 114 164 173
8 71 105 237 112 51 193 150 145
8 182 214 66 54 43 206 205 211
12 196 149 141 43 14 46 73 207 59 67 23 175
7 23 143 122 25 161 199 242
8 46 164 213 36 216 144 29 17
13 112 239 135 119 106 166 238 7 168 156 132 30 12
7 5 38 243 233 2 128 56
9 180 240 112 60 214 29 37 192 239
16 185 148 42 32 61 15 133 136 211 110 162 113 227 72 218 167
11 60 87 146 79 155 196 58 94 227 61 214
9 209 131 78 66 163 73 58 198 195
4 131 248 111 212
4 9 181 180 188
9 91 1 244 177 46 114 4 104 199
10 109 165 25 12 234 111 62 31 139 95
9 142 134 18 47 187 193 88 41 128
10 215 220 56 75 124 196 88 6 48 165
9 72 42 106 208 160 34 131 232 233
11 226 65 120 172 209 231 58 85 74 116 40
6 181 27 7 6 49 83
8 209 22 145 168 45 102 15 219
9 71 189 106 172 61 124 195 91 86
7 238 25 159 116 78 184 28
6 136 87 249 181 129 121
10 82 247 62 239 67 64 188 39 133 26
4 125 151 229 139
9 149 68 76 204 205 123 53 170 72
15 162 83 200 241 108 146 223 243 203 16 113 76 143 163 180
8 95 250 14 199 103 187 71 140
9 81 211 34 203 233 36 216 30 210
9 176 122 197 20 23 147 36 183 133
13 6 128 148 230 245 189 91 247 55 218 3 164 43
9 205 127 60 110 80 29 138 5 70
9 239 134 207 231 179 192 174 110 17
9 145 73 76 216 133 38 71 183 239
8 81 136 46 38 114 164 176 227
14 222 122 35 41 117 2 79 247 65 76 236 133 149 114
13 233 46 186 99 170 213 88 55 79 146 12 180 78
9 38 220 81 153 235 250 31 132 128
9 228 68 164 37 84 104 223 88 27
11 200 207 10 41 35 155 157 183 203 106 222
9 82 40 54 96 152 18 79 100 216
14 89 108 182 18 76 113 244 185 37 224 58 211 237 215
4 238 9 96 170
10 198 71 112 59 27 50 116 72 158 163
10 168 117 228 144 214 76 94 29 218 158
10 21 33 19 78 62 142 92 124 101 153
8 82 76 212 160 138 60 157 49
4 95 4 79 40
11 233 23 231 75 12 37 117 56 209 121 36
7 41 58 178 83 30 210 131
9 11 102 5 116 98 249 241 161 117
8 92 216 138 245 145 39 83 40
9 116 109 39 241 156 162 107 8 191
16 8 17 244 127 243 63 195 112 134 122 13 68 154 39 150 169
9 166 125 235 248 33 210 75 65 57
6 11 40 114 103 74 159
7 52 100 49 201 70 116 182
11 193 187 12 129 8 184 82 204 23 139 154
9 155 35 27 163 36 224 196 215 44
10 142 200 194 68 19 61 215 232 60 211
12 50 166 24 79 74 181 14 185 246 164 250 78
7 127 79 76 210 124 216 197
9 29 92 33 234 16 219 172 168 81
15 149 195 39 55 153 60 85 150 131 45 19 151 184 177 226
11 143 182 212 204 241 238 184 154 9 105 51
10 65 164 49 145 219 119 217 99 84 45
8 239 153 215 131 199 201 28 214
7 247 122 144 55 57 19 148
10 145 166 79 30 231 80 186 62 49 34
10 91 27 213 245 240 59 160 83 247 60
16 195 107 167 124 5 117 141 58 106 40 176 250 161 231 129 173
9 28 162 202 19 29 113 57 61 183
9 79 130 222 208 224 223 35 26 52
12 220 135 40 217 197 91 45 20 219 229 166 78
11 135 96 76 223 52 26 229 188 143 134 193
12 249 235 78 178 172 23 9 26 80 155 108 93
11 120 55 122 91 117 81 214 105 101 26 176
8 248 165 64 60 155 151 25 114
6 81 96 136 128 121 41
11 195 191 89 81 114 133 171 158 164 90 64
9 218 27 71 75 10 104 247 169 238
10 45 98 223 215 202 26 220 56 180 62
6 223 148 4 167 245 70
12 200 88 17 229 105 195 153 29 120 43 14 71
9 176 161 35 200 103 93 187 148 151
13 129 158 70 17 223 98 116 194 142 123 7 206 67
11 204 78 148 239 230 55 73 200 32 49 79
12 134 93 146 29 57 138 68 81 79 35 129 38
9 41 100 117 60 187 210 248 29 87
13 132 101 61 211 208 39 249 96 171 64 220 120 37
15 94 127 158 190 213 220 200 66 21 204 194 9 247 24 74
8 109 17 233 86 20 205 215 12
5 39 191 2 184 218
10 250 222 138 42 37 203 169 134 84 5
14 28 98 67 244 66 34 141 83 9 194 125 196 131 126
6 4 111 203 132 87 229
9 185 156 31 100 122 180 96 175 123
16 205 193 239 86 88 209 222 39 220 78 224 77 48 241 164 136
6 182 239 92 238 98 112
5 101 219 98 81 233
16 162 22 165 95 77 212 7 106 229 68 174 204 112 33 71 21
6 239 75 56 218 205 196
10 108 47 217 163 118 193 63 181 131 32
13 214 24 142 136 157 209 102 16 155 172 243 223 141
10 222 132 156 236 218 211 100 45 140 228
9 195 158 134 78 180 77 137 228 12
6 29 209 140 2 167 63
10 105 50 90 37 88 23 245 93 222 84
9 240 91 17 230 187 128 123 159 98
17 208 131 183 35 40 17 153 110 107 33 181 232 30 199 150 189 77
14 132 145 3 164 9 40 106 158 52 181 26 37 17 168
6 133 111 146 222 236 67
12 20 196 129 49 137 154 123 102 18 99 148 75
15 192 215 37 18 101 42 109 111 56 138 128 95 29 19 45
16 110 34 126 5 72 247 103 44 175 154 152 60 105 45 236 185
16 178 29 217 235 26 67 142 9 203 24 77 154 155 115 126 49
9 220 117 21 164 58 236 62 41 113
15 94 38 11 204 26 207 108 119 29 212 13 213 237 224 195
13 222 29 198 1 135 233 175 19 5 238 7 112 97
15 145 239 131 47 100 71 121 224 84 99 250 175 8 140 52
14 2 231 200 73 90 19 245 33 238 198 177 232 52 77
10 78 34 98 54 167 15 203 114 1 171
10 88 232 37 227 211 173 67 189 143 14
13 184 130 71 137 221 175 205 179 211 231 159 133 129
9 231 139 62 104 92 199 167 191 245
10 49 125 190 41 183 2 134 156 4 192
9 226 72 113 199 169 32 121 140 55
14 104 226 96 154 6 169 62 152 203 223 14 28 37 8
8 153 21 77 250 175 57 239 159
8 116 243 236 231 168 248 108 166
9 78 65 248 157 75 56 33 166 12
7 199 136 166 122 149 165 151
10 140 176 228 232 203 186 216 25 144 50
11 230 221 102 140 112 33 156 76 25 53 157
5 215 26 42 171 160
14 199 124 89 27 227 12 74 219 44 85 112 77 8 101
7 154 86 58 117 93 51 194
7 129 194 210 87 126 204 233
9 182 207 108 165 125 60 104 3 22
5 17 206 117 115 208
10 122 143 177 201 243 188 139 176 117 59
5 170 223 2 46 238
7 29 153 26 40 56 14 2
11 236 124 43 64 193 10 45 238 145 163 54
13 79 167 214 50 188 116 27 5 67 38 149 8 157
9 132 200 144 216 127 39 171 120 11
16 184 196 206 200 218 195 187 46 88 173 2 59 45 145 143 26
9 87 65 157 9 114 40 195 178 201
8 183 116 43 240 26 105 233 153
11 64 137 53 237 55 236 177 218 35 5 243
14 59 9 135 217 176 5 174 71 101 225 136 65 180 19
10 165 26 158 224 187 202 106 129 7 172
9 190 168 87 54 91 235 74 67 225
7 114 115 235 170 245 159 14
16 84 20 225 214 171 51 191 196 47 224 217 192 163 142 33 87
14 21 82 142 181 233 34 193 125 49 195 132 145 70 83
11 191 209 142 34 102 114 189 43 109 30 137
10 221 197 84 17 108 238 189 54 203 51
14 28 150 174 125 118 18 94 194 138 54 31 214 167 32
10 19 167 204 246 28 119 51 100 44 36
6 68 250 177 244 170 90
10 90 26 44 53 144 74 250 245 12 232
11 227 134 14 3 125 75 210 223 155 236 92
8 96 167 183 144 153 233 100 250
5 160 22 234 110 148
13 120 66 249 184 80 227 24 82 28 89 41 152 4
11 182 53 47 188 245 248 173 93 206 202 175
16 200 140 22 54 236 100 173 219 41 43 76 58 247 94 57 217
9 244 70 132 53 227 134 217 116 185
9 203 184 99 167 9 134 113 237 152
8 60 32 188 236 46 37 74 91
9 165 79 191 190 182 212 83 179 223
8 234 231 89 182 161 133 17 118
10 215 222 23 105 28 7 164 249 117 224
9 133 94 242 105 46 234 140 35 162
7 142 38 72 238 195 240 218
11 247 102 67 214 55 166 176 196 225 18 40
6 207 11 184 234 146 213
9 33 146 158 237 235 102 208 45 54
14 39 57 60 238 131 187 7 156 145 12 80 140 177 71
13 138 183 92 131 125 172 81 114 197 143 78 177 82
9 69 64 177 52 132 15 230 117 197
8 120 231 101 97 186 226 220 138
10 192 41 107 58 162 100 144 176 186 77
10 120 80 174 129 202 119 7 56 4 104
12 127 215 243 199 165 16 219 202 70 71 146 78
11 101 198 88 22 30 147 234 181 126 108 34
18 113 71 205 38 36 215 30 218 247 200 211 174 146 88 182 27 18 54
10 22 81 67 179 148 193 163 8 170 87
10 119 94 104 146 93 43 209 198 248 186
4 97 227 100 143
7 27 16 249 100 50 174 4
12 129 151 218 152 71 157 54 200 149 28 72 56
10 172 98 142 19 208 111 95 43 184 86
12 68 241 219 148 212 84 187 197 238 54 243 43
9 40 13 39 92 67 210 168 169 234
12 74 44 117 146 113 127 159 11 116 240 16 56
8 109 246 63 176 213 188 106 234
10 217 221 215 213 93 204 250 58 175 73
12 148 179 250 194 82 68 99 9 227 48 135 225
16 213 205 201 165 131 247 184 198 187 232 215 190 151 125 95 68
8 186 211 52 11 231 50 105 140
12 180 135 39 38 166 117 82 158 184 178 40 113
13 22 192 120 161 207 241 107 221 95 239 200 30 44
8 99 54 16 145 57 218 34 72
13 21 23 151 52 146 233 179 105 78 138 224 234 69
9 36 86 110 100 58 124 242 53 47
12 98 189 190 210 44 167 126 141 64 119 109 150
7 18 83 37 102 64 87 20
12 148 72 7 139 57 99 42 40 132 226 54 38
7 121 25 39 224 54 122 223
14 67 187 19 201 158 243 207 169 23 202 63 40 47 14
15 37 181 64 167 76 40 239 74 50 238 176 162 168 155 187
10 47 187 77 133 36 16 106 203 112 160
7 214 246 23 231 171 185 9
4 30 160 132 115
16 171 144 209 167 181 151 215 131 247 142 186 243 199 159 102 41
15 64 7 159 225 102 244 180 54 18 189 199 204 95 110 23
11 232 199 91 175 200 37 98 193 248 128 223
13 129 82 120 76 13 143 161 81 201 67 88 49 73
16 215 127 65 111 82 248 113 20 35 156 101 32 230 109 159 196
7 154 8 117 195 191 181 74
15 178 29 33 79 60 134 221 216 204 158 56 74 226 147 122
8 143 20 115 129 81 227 30 44
5 218 16 63 39 176
5 222 136 238 71 152
14 192 107 39 233 46 78 120 2 189 68 127 35 205 101
14 75 218 69 82 88 214 30 31 39 4 48 180 130 250
7 215 16 120 223 248 242 82
10 66 29 183 161 229 129 125 84 155 126
12 168 132 58 157 189 20 227 30 174 19 104 153
12 53 5 200 52 123 117 55 130 215 68 226 73
10 86 206 48 164 25 223 195 236 38 220
7 72 101 85 156 143 15 44
8 70 183 202 229 224 134 175 235
15 229 50 160 186 51 119 178 150 236 147 18 174 177 90 183
12 192 12 28 63 133 141 191 81 72 99 222 227
5 38 8 202 32 95
6 234 205 108 35 73 162
9 36 233 139 186 78 33 124 65 98
4 24 247 123 119
11 19 216 181 81 209 89 17 157 63 220 235
10 204 190 164 101 231 156 215 10 82 88
10 63 119 38 223 60 177 46 93 106 87
11 25 118 222 30 163 231 142 217 120 201 112
7 168 166 180 249 150 191 86
13 129 183 118 163 182 250 71 15 125 225 212 73 210
7 60 142 196 29 94 57 130
12 194 167 9 223 76 193 205 182 228 63 96 168
9 229 63 206 15 178 128 234 198 188
8 8 209 205 238 122 190 31 158
13 118 146 218 202 136 28 247 115 149 99 238 44 98
13 174 142 95 193 101 13 115 104 93 15 162 32 195
13 40 57 162 6 20 229 95 205 73 182 183 56 39
13 171 169 205 35 80 147 92 244 34 124 14 236 106
6 62 121 118 78 127 37
12 89 180 232 152 148 36 176 228 200 178 181 220
8 90 86 146 116 220 75 242 183
9 168 135 228 61 157 225 155 163 11
4 137 179 22 244
11 35 119 126 219 9 199 240 96 208 75 147
4 169 11 49 181
12 87 222 125 144 91 61 100 227 132 153 244 88
12 187 29 134 196 169 38 238 224 179 96 204 44
8 199 127 156 44 112 140 153 151
13 65 172 246 198 16 188 107 239 17 5 82 183 181
5 247 158 46 120 96
5 72 175 142 123 14
8 174 170 208 146 66 50 94 206
10 36 172 29 226 63 168 115 22 13 40
12 96 131 83 90 22 17 192 189 108 200 133 45
18 112 201 44 238 162 194 203 157 247 84 221 53 209 49 249 76 123 185
8 214 6 250 166 31 67 24 168
17 181 24 152 117 47 179 72 178 205 108 94 98 182 19 4 151 17
8 135 199 90 27 228 16 180 208
13 142 27 17 6 165 73 217 86 19 136 116 189 164
13 56 160 1 184 154 41 244 182 173 31 248 165 219
9 113 141 101 57 197 82 109 216 70
8 157 26 46 102 31 88 38 179
11 134 26 239 25 48 22 109 174 130 80 205
6 228 244 249 10 11 71
19 139 200 128 230 53 205 134 183 103 22 141 202 47 126 225 26 154 58 71
7 208 150 43 68 69 25 154
8 106 22 89 26 38 58 47 196
5 72 225 130 4 249
7 164 204 41 180 214 140 191
6 169 240 160 104 41 39
11 170 85 20 68 145 185 107 36 215 157 207
10 236 63 61 98 213 210 9 141 188 46
10 214 11 43 102 37 120 75 65 194 222
8 121 243 239 184 120 112 238 43
12 113 198 12 109 98 60 208 90 84 215 100 225
8 97 39 220 160 62 19 72 103
14 175 182 66 196 239 155 71 180 178 237 92 97 90 235
8 50 152 98 186 84 114 150 76
7 37 235 162 75 167 250 41
13 184 234 177 176 100 4 226 151 197 196 23 122 14
13 23 170 204 216 122 22 101 248 11 146 189 121 93
11 221 203 204 210 4 69 109 42 165 92 174
9 29 228 157 24 83 194 95 142 118
10 226 53 29 138 241 186 80 183 224 165
12 39 119 184 108 174 8 77 34 180 60 101 62
7 51 204 232 38 238 119 64
11 29 39 78 106 209 249 218 71 96 109 170
13 68 181 92 138 214 62 167 47 161 28 15 187 121
12 224 81 129 156 15 162 134 198 115 159 73 77
9 15 204 70 181 222 231 31 165 27
12 24 79 21 93 53 45 127 38 113 134 31 182
4 72 209 21 219
11 123 185 180 245 174 161 177 102 194 188 35
11 204 77 235 144 174 37 64 49 25 197 213
7 16 122 10 145 144 29 126
10 115 213 172 168 103 112 242 207 32 188
9 177 80 153 41 138 240 146 211 39
13 215 90 220 247 2 67 23 6 9 160 37 154 30
7 55 135 72 137 90 234 152
11 145 223 183 8 53 126 116 60 112 11 189
13 2 38 106 236 71 54 101 45 33 243 176 218 153
9 200 23 27 209 180 28 211 235 26
12 201 248 46 128 164 90 61 2 208 171 246 129
9 101 121 160 99 113 29 47 7 138
10 65 78 157 73 105 214 244 158 111 9
4 18 16 50 118
9 89 148 117 181 146 107 203 72 10
14 189 192 249 205 133 2 134 109 242 138 156 143 116 190
11 130 223 193 14 94 5 15 162 209 129 60
5 67 76 171 62 137
7 135 32 241 249 148 143 142
11 187 145 78 202 245 111 2 204 75 211 152
13 208 122 201 12 149 21 81 230 242 188 181 54 96
22 35 59 117 182 235 178 158 221 31 51 213 118 8 89 184 156 39 17 241 183 140 129
13 83 158 80 198 180 68 119 86 159 9 210 7 5
7 71 175 19 198 10 108 75
10 147 160 19 188 243 166 6 249 71 21
6 208 248 240 192 182 214
15 63 174 250 150 61 102 23 206 128 172 1 222 10 7 79
15 14 32 225 144 70 38 91 11 41 50 29 177 179 187 69
14 98 189 201 182 54 51 86 37 12 25 109 211 199 40
10 211 82 182 80 163 221 8 6 29 31
8 7 91 105 185 78 8 56 70
11 114 221 19 214 21 58 79 205 180 230 239
8 145 123 83 227 133 62 243 223
10 64 30 124 2 106 93 187 126 95 84
14 31 241 249 63 123 230 213 82 196 42 94 165 175 212
8 165 231 240 210 179 152 183 160
8 136 6 128 159 101 238 25 48
11 178 142 130 87 82 109 125 34 129 62 167
11 210 123 86 64 68 80 26 2 140 22 208
9 50 241 104 234 167 197 188 198 159
8 186 70 174 165 5 108 121 72
7 91 50 209 22 167 121 103
9 121 48 116 235 166 79 33 42 76
8 17 82 191 139 222 237 209 33
7 19 184 165 198 6 235 245
12 23 99 171 196 112 244 60 174 98 39 165 192
16 141 221 143 211 171 242 11 69 144 15 227 185 78 149 85 30
4 181 46 60 54
16 77 132 139 101 235 242 114 50 202 240 236 183 44 13 96 250
12 6 182 39 23 154 65 111 209 222 210 218 99
8 120 238 250 59 101 152 212 161
15 218 103 150 82 151 43 229 164 44 78 117 99 158 155 79
10 165 235 31 138 246 5 47 154 177 250
14 4 99 70 200 103 80 86 220 35 123 119 138 212 140
10 230 86 84 62 72 155 41 20 228 125
8 210 124 197 144 71 98 206 177
11 177 85 152 190 99 171 247 40 62 58 237
5 150 109 86 108 131
9 157 218 179 58 207 109 53 81 3
8 173 71 64 231 21 101 77 116
6 157 106 118 33 5 25
10 14 243 48 93 175 38 195 141 25 21
11 204 26 10 220 24 17 136 221 13 87 208
10 171 55 5 154 155 73 77 188 219 118
7 212 91 22 6 75 114 173
11 19 203 168 183 242 134 86 211 17 50 85
10 158 31 81 185 112 244 119 222 71 3
8 118 57 208 199 177 6 140 8
7 245 241 43 167 12 6 104
11 221 123 39 34 95 87 113 174 9 119 239
15 158 64 24 166 195 249 206 179 250 40 113 18 239 116 162
12 230 214 135 93 180 144 42 152 249 125 68 142
14 176 195 174 102 178 108 107 225 104 242 160 14 97 87
11 42 181 95 180 82 104 100 249 52 244 83
15 173 124 222 88 208 211 159 96 50 200 158 45 147 93 177
12 68 91 16 45 79 52 180 51 143 134 196 11
10 182 82 45 163 78 228 224 232 241 195
7 1 233 197 67 237 231 248
7 150 99 133 80 57 132 124
7 201 18 184 213 210 1 63
11 205 235 71 208 141 95 138 216 12 238 247
10 45 168 139 3 106 155 42 43 218 146
7 75 189 77 121 155 16 105
8 212 131 175 116 225 55 239 137
10 33 29 37 165 145 233 22 176 180 70
13 101 201 239 45 93 177 34 18 1 110 223 70 71
11 172 187 6 17 169 52 146 184 155 138 103
8 223 234 147 222 151 60 53 63
11 31 221 150 185 73 95 48 222 233 108 209
9 110 10 208 176 89 64 78 124 235
16 145 73 186 175 189 69 249 172 228 42 101 71 163 212 44 20
9 148 176 235 1 187 36 165 210 116
7 9 71 229 28 17 26 204
11 60 196 19 27 39 197 141 188 21 56 212
6 136 10 73 102 177 88
10 233 149 166 30 176 185 105 48 9 12
9 74 105 249 128 246 186 216 30 110
10 100 135 227 245 20 171 35 179 236 193
9 29 55 238 139 146 156 80 172 73
12 229 45 151 56 27 111 87 28 20 249 177 60
6 2 124 210 87 16 225
12 85 59 45 23 12 189 180 116 178 176 27 202
10 182 224 195 73 155 90 169 178 104 99
13 198 92 136 8 56 139 17 97 197 16 209 138 180
11 63 216 204 3 56 218 109 191 159 41 153
9 4 104 181 172 40 232 152 241 103
5 170 12 182 71 24
9 71 91 57 28 138 140 157 132 18
11 24 141 99 167 222 206 85 214 74 58 34
13 48 247 35 16 77 235 138 55 86 215 103 169 123
11 38 19 90 110 3 45 250 41 232 159 49
10 242 140 248 8 44 21 57 150 206 89
6 110 112 128 44 135 198
9 149 100 190 42 126 30 38 155 203
4 210 196 27 73
9 34 32 91 146 108 24 27 224 31
8 156 79 247 163 37 5 165 149
16 246 143 236 126 250 48 244 51 95 24 173 40 47 230 107 41
12 226 21 137 6 33 230 145 118 50 177 5 149
11 228 222 5 45 98 2 189 179 175 234 195
16 238 62 85 244 74 206 212 40 163 165 171 28 166 89 37 79
5 12 163 103 93 119
8 234 24 12 81 89 2 148 37
12 163 76 170 41 192 168 226 57 90 26 200 74
12 5 43 237 194 117 187 47 182 71 86 108 202
6 234 42 93 184 31 197
12 125 71 206 48 110 63 99 166 194 250 207 173
13 193 39 134 17 145 85 105 51 141 9 64 152 20
7 100 85 147 99 250 57 65
11 164 148 162 42 147 184 151 239 37 218 153
8 118 177 231 90 31 178 146 109
13 143 223 62 157 249 144 199 69 177 60 130 46 113
13 184 116 136 144 153 166 143 45 169 167 110 66 237
6 215 4 226 135 158 104
10 120 190 214 39 57 80 110 145 46 174
10 199 1 90 98 189 142 48 28 108 91
4 138 43 46 8
5 134 225 132 65 206
14 28 63 51 177 244 8 69 60 54 159 86 7 160 31
4 210 237 199 67
15 3 16 244 11 80 48 96 20 12 183 83 204 54 44 102
6 40 97 182 201 107 236
11 40 162 55 89 56 17 35 93 87 201 96
19 101 206 92 124 4 164 136 221 86 196 168 190 162 13 24 144 113 128 82
13 150 185 18 187 124 56 231 130 232 245 71 112 197
12 85 158 191 15 157 49 5 114 66 214 245 99
11 231 246 172 46 130 4 218 74 240 245 35
11 93 44 243 107 218 238 130 140 20 103 115
9 186 12 112 223 63 67 136 168 169
12 43 102 143 51 172 205 177 82 16 59 32 187
13 192 177 210 129 82 249 70 196 21 182 6 93 230
10 121 239 236 187 138 218 250 51 22 24
12 153 55 238 155 105 46 181 107 212 41 50 96
4 83 229 228 211
9 77 144 205 211 222 139 152 54 22
7 197 97 119 218 247 112 69
10 37 41 158 88 169 99 46 102 135 62
9 48 155 228 148 123 134 39 247 26
10 135 170 180 14 15 246 185 91 218 54
8 69 95 48 237 44 72 195 98
14 30 231 76 74 37 212 187 25 144 220 13 33 193 43
9 63 46 112 42 158 44 120 203 119
14 243 217 119 176 208 190 177 112 187 32 22 90 166 229
5 136 141 189 196 6
12 115 116 188 87 165 151 17 3 225 133 61 168
7 196 45 213 40 193 124 29
7 34 250 171 161 238 193 189
9 121 12 62 55 27 21 6 178 35
11 132 69 190 133 90 36 62 45 26 19 182
9 245 41 39 147 169 121 236 98 47
8 198 131 51 205 201 10 249 110
11 70 59 238 109 23 242 27 53 217 34 229
13 16 127 142 60 236 239 11 85 81 208 8 215 226
12 124 47 60 222 134 224 24 237 63 16 92 95
16 221 72 108 216 114 7 249 126 96 2 170 148 10 229 190 6
8 12 81 123 193 55 46 87 52
9 163 202 250 70 115 221 171 40 49
13 150 59 163 201 181 207 130 158 88 133 233 69 156
16 235 207 162 202 187 150 81 179 166 228 185 77 175 148 213 124
11 26 86 173 156 87 188 213 228 13 171 29
8 181 71 24 30 2 67 150 53
9 177 163 85 204 199 42 37 195 39
10 29 172 250 198 201 39 74 86 175 128
12 8 6 88 248 67 155 159 76 50 98 82 213
17 46 10 52 29 249 106 39 223 24 66 73 50 78 204 112 244 126
10 83 188 143 169 171 15 185 98 12 151
11 27 202 192 11 199 183 16 109 247 149 45
9 28 24 54 63 98 236 235 117 246
9 67 2 99 88 3 17 70 223 159
8 102 72 64 243 227 56 44 143
8 96 23 59 106 86 248 181 242
9 53 82 211 184 161 81 111 68 196
9 141 240 35 231 133 93 189 72 56
6 67 15 210 90 164 87
11 242 234 237 57 224 6 41 106 227 196 192
15 174 225 137 250 215 128 57 212 226 80 92 87 196 228 42
15 124 149 19 207 223 11 142 160 86 119 25 34 173 152 165
16 161 189 158 35 133 48 187 12 10 145 2 81 200 90 157 16
9 24 63 241 157 34 197 217 247 230
9 55 35 84 184 154 8 207 100 104
11 69 146 47 145 136 39 103 126 142 66 101
8 48 56 66 215 74 248 227 29
9 38 104 166 248 182 45 200 211 135
13 126 236 163 209 197 26 222 85 211 47 123 38 29
13 47 194 43 237 98 140 182 5 135 1 173 56 195
13 230 204 211 38 43 194 6 56 199 55 53 151 206
11 52 125 31 185 114 149 33 248 237 187 25
6 58 47 175 101 249 123
6 227 72 247 114 161 9
9 77 128 167 78 224 72 216 101 13
9 228 168 206 106 57 16 121 113 183
12 94 237 65 69 76 96 223 132 219 174 43 231
10 202 151 38 24 98 195 2 211 102 77
13 195 123 227 112 168 207 87 91 136 210 193 1 24
6 126 115 69 177 205 222
8 152 96 166 154 101 218 60 246
12 144 231 187 236 185 16 154 120 62 22 56 66
10 57 5 221 159 139 147 169 89 86 45
10 227 192 240 166 63 215 45 216 235 176
12 182 114 137 72 175 157 140 86 60 127 124 152
8 232 85 67 109 187 98 126 60
10 11 33 196 22 96 85 100 227 112 210
10 128 249 22 104 154 79 127 167 233 110
6 51 25 13 229 192 173
9 189 193 221 15 182 8 35 88 59
9 35 87 133 130 20 93 33 46 205
10 67 139 219 48 109 245 105 179 7 123
10 21 174 87 198 136 31 209 27 220 168
7 175 163 161 5 229 179 155
18 12 143 46 230 129 27 25 199 39 96 170 105 79 33 116 45 71 7
12 41 191 23 148 203 118 198 222 102 122 57 119
5 139 77 89 61 33
15 228 45 213 46 250 210 189 4 32 249 183 227 115 199 18
13 105 171 165 214 191 90 248 196 147 133 234 222 205
8 146 245 38 185 96 10 17 208
15 249 19 119 149 203 160 192 231 156 125 30 87 85 161 223
19 218 6 145 13 63 35 150 48 240 5 199 169 125 130 187 162 128 247 231
16 29 117 111 49 98 249 138 89 208 205 153 35 227 239 237 216
14 229 207 156 151 240 106 66 173 126 54 20 76 164 231
10 21 247 93 241 220 185 58 125 29 8
6 190 219 195 238 215 159
15 180 87 157 213 131 38 58 29 243 132 247 246 85 208 217
14 172 177 102 146 48 202 148 74 188 11 126 16 88 31
7 131 71 52 229 182 215 5
10 215 190 135 250 224 2 129 185 245 219
10 210 144 195 61 243 174 148 208 101 169
11 236 226 21 30 61 17 234 89 104 95 105
10 65 201 244 13 146 210 229 17 62 47
6 160 64 2 35 88 145
11 141 42 95 139 234 204 249 40 49 187 239
11 187 48 51 81 113 20 39 192 55 19 203
13 210 64 53 140 105 83 139 23 96 187 108 167 125
9 31 120 76 94 198 90 172 48 127
6 149 244 90 228 155 20
12 237 71 115 76 212 217 8 72 136 209 239 141
9 97 43 8 1 247 181 243 137 235
10 64 158 184 18 108 133 79 170 36 51
7 11 154 170 90 101 181 61
9 93 21 178 79 143 179 98 23 172
10 157 59 195 88 2 49 156 191 20 51
8 18 131 124 127 64 142 67 185
14 163 24 72 26 41 60 57 67 122 17 167 242 157 203
6 173 100 23 109 181 86
11 216 25 112 140 173 205 30 86 107 22 128
9 87 53 167 116 24 235 88 73 127
14 121 196 222 245 209 27 166 32 84 26 239 176 34 144
12 206 1 39 166 49 228 202 83 117 59 128 116
5 76 106 180 229 151
15 67 210 245 62 85 68 35 195 190 140 231 120 86 219 148
12 163 161 114 64 168 43 222 22 136 88 118 157
10 19 70 250 54 72 240 224 169 187 81
10 229 176 119 44 233 77 97 207 209 186
9 239 98 50 215 72 79 129 40 248
8 234 31 127 80 34 101 3 182
8 56 36 244 88 71 185 3 92
7 113 103 46 210 150 5 25
4 122 54 222 148
11 21 1 173 37 178 157 60 175 135 174 75
11 203 70 24 170 235 213 234 54 23 31 107
12 229 143 107 29 15 133 142 44 35 204 134 12
9 201 159 146 219 29 187 166 162 115
5 116 54 7 15 18
11 142 141 222 58 78 161 52 214 120 225 205
8 165 119 84 129 65 200 36 34
4 204 60 45 133
8 16 45 134 214 203 31 41 145
10 33 49 196 39 3 197 158 199 115 132
4 74 31 5 12
11 88 175 26 139 61 9 38 223 216 117 54
17 8 14 239 190 238 248 127 146 145 167 6 56 157 84 246 153 83
8 194 14 21 113 10 221 27 31
12 197 94 35 60 154 1 248 205 104 164 118 129
12 88 79 84 32 70 213 4 37 191 148 163 129
8 197 217 99 174 96 127 161 114
10 229 36 149 228 38 240 27 94 158 200
8 236 144 212 220 69 224 14 250
12 187 38 164 17 219 194 204 119 183 137 224 80
10 229 128 100 116 240 107 55 61 126 144
14 201 170 134 210 20 58 208 48 222 118 60 66 105 94
11 169 76 141 232 103 168 77 105 1 217 44
12 128 136 119 60 140 62 75 24 11 101 84 230
11 102 75 237 128 15 246 71 68 103 19 89
8 20 151 46 173 154 64 95 212
14 166 176 50 145 240 198 132 44 199 134 215 92 88 246
14 187 10 139 164 24 46 160 108 168 31 55 35 36 124
5 2 99 16 115 38
9 172 171 114 93 105 109 183 17 179
11 224 14 238 137 110 111 60 16 2 94 109
7 77 26 218 196 239 10 161
16 228 177 121 117 158 89 12 113 231 78 186 201 130 94 194 65
8 156 204 42 233 59 199 246 180
14 88 150 154 218 224 145 136 180 24 27 159 123 126 195
10 4 213 96 86 2 90 41 117 88 98
13 127 7 68 209 104 2 66 21 57 235 76 167 221
11 197 182 24 30 128 236 3 194 245 178 39
11 80 8 198 104 73 70 109 210 151 24 202
11 77 143 193 230 10 237 246 134 44 83 142
8 49 114 65 34 171 16 168 174
12 51 250 12 236 101 202 119 166 24 82 139 177
10 69 198 102 170 197 138 137 41 215 78
12 218 179 17 187 113 158 148 50 194 38 171 97
10 144 211 178 28 134 236 125 53 17 40
10 129 161 237 48 136 106 250 65 8 139
14 205 125 111 166 68 236 212 122 185 70 216 30 133 32
15 212 148 248 118 163 16 98 13 144 65 154 25 111 89 94
10 50 8 40 28 227 62 75 170 36 203
9 137 103 33 167 229 187 39 176 71
9 29 46 14 33 81 177 86 71 107
11 54 88 65 82 174 27 117 203 144 106 71
13 97 189 169 173 168 208 134 26 123 211 171 36 132
9 5 73 45 10 201 146 90 202 34
9 73 22 62 181 127 142 125 191 243
15 51 137 1 79 57 34 144 10 143 174 21 228 43 246 243
11 159 38 8 197 61 84 193 56 30 19 101
6 101 183 144 111 178 201
14 176 41 193 185 201 129 183 43 194 200 180 135 83 94
15 99 181 194 69 62 164 75 246 241 201 128 31 44 157 125
15 226 205 210 35 78 196 235 172 71 164 174 240 58 89 140
10 184 59 45 183 32 30 177 128 131 137
14 27 6 38 195 243 140 26 120 83 207 84 34 134 73
9 146 51 246 11 78 132 187 175 163
10 184 204 67 12 159 196 6 119 200 219
11 99 211 107 171 43 49 230 172 126 141 219
4 80 152 180 86
6 60 167 237 163 188 189
12 16 55 198 155 243 176 75 70 216 214 203 137
5 81 105 133 38 202
11 36 8 41 125 160 61 60 219 193 44 248
12 5 79 132 37 14 23 137 141 249 234 35 94
11 189 233 76 180 77 173 144 143 69 227 184
7 144 32 79 47 237 202 71
9 109 193 1 43 50 66 97 40 55
12 161 121 183 209 38 48 1 77 245 144 142 110
15 203 13 55 125 27 104 153 172 133 57 78 60 169 21 110
13 161 44 114 99 9 218 83 180 172 4 237 245 189
5 59 224 102 126 93
14 118 135 17 72 83 171 175 156 187 192 59 224 188 55
11 195 179 108 90 95 149 58 37 41 194 94
10 31 7 35 13 130 133 58 245 103 190
6 36 162 242 161 156 195
10 149 194 222 243 177 54 125 143 50 151
10 227 201 152 136 66 207 5 69 140 95
12 141 127 235 20 42 95 80 239 170 223 179 49
12 13 117 151 62 26 59 245 126 95 190 203 214
5 204 199 210 144 31
14 183 42 114 130 221 234 186 75 66 127 6 18 129 98
11 48 248 11 52 1 65 3 19 169 186 240
11 96 161 92 47 10 77 250 163 113 72 115
17 188 206 222 13 117 171 126 150 11 148 157 44 34 166 236 3 226
12 93 72 250 157 106 46 51 233 47 184 216 228
14 184 121 110 33 127 222 88 122 157 217 123 132 243 129
11 7 141 44 188 231 54 27 176 102 33 47
10 70 238 217 200 183 120 133 162 1 8
16 222 107 41 9 42 92 85 143 144 226 160 192 104 225 64 26
6 178 61 83 15 14 47
4 13 148 212 142
5 201 164 37 249 180
6 116 206 64 197 18 44
7 9 201 208 224 45 101 154
10 149 163 19 156 177 183 12 239 103 250
6 212 137 95 149 227 51
9 119 248 183 66 28 4 117 197 70
12 143 158 101 211 109 162 15 13 18 227 139 249
7 23 134 33 159 152 221 178
13 112 234 157 196 140 3 125 129 57 242 96 9 55
13 213 5 30 170 235 11 80 16 50 39 3 81 27
10 105 181 15 197 40 244 42 112 48 123
9 175 103 183 199 237 79 204 184 19
8 121 148 90 176 194 59 146 39
15 21 34 14 183 69 145 160 88 236 174 169 52 66 15 231
11 202 24 167 31 3 109 161 205 29 164 69
13 192 138 171 145 198 57 7 244 108 203 25 61 195
8 54 131 188 41 48 149 72 158
13 70 192 243 207 236 47 175 155 80 78 212 180 249
11 19 48 40 198 113 76 67 248 5 181 175
7 222 129 203 136 33 168 61
6 226 161 235 22 80 167
11 178 199 48 94 144 120 117 125 137 95 209
13 121 227 183 140 142 150 230 55 105 84 126 202 194
11 108 235 202 28 40 120 77 124 207 101 164
12 114 58 93 188 129 152 162 227 28 203 107 65
12 126 53 180 150 205 76 187 87 173 20 112 193
9 43 40 241 119 129 151 190 240 63
8 213 188 92 61 31 3 38 162
14 154 132 158 140 167 228 16 49 116 150 240 246 145 176
9 34 193 169 141 244 54 4 187 93
11 148 116 1 21 236 144 217 163 170 224 166
11 65 141 231 121 236 37 18 149 7 164 187
8 237 167 239 75 211 247 122 85
14 242 94 164 20 154 121 54 157 98 225 67 65 88 22
14 152 194 149 119 133 117 241 93 131 112 238 240 85 51
11 25 247 96 156 182 51 167 15 98 176 190
9 228 203 202 26 28 225 50 8 22
15 132 243 124 146 240 217 138 103 105 7 48 201 126 93 224
8 117 122 217 142 59 139 171 241
10 221 153 44 234 134 185 76 193 122 90
9 213 152 43 183 84 4 59 2 244
10 35 180 36 89 141 151 167 231 27 241
10 123 221 176 198 115 225 83 73 179 49
15 16 28 172 31 249 230 156 89 63 154 246 182 68 219 86
8 75 183 58 79 11 162 156 56
8 12 138 54 82 44 147 239 2
12 112 129 145 99 105 85 226 241 17 71 235 110
13 31 65 149 247 235 213 218 246 191 206 80 42 29
9 227 57 58 64 160 146 36 121 243
12 165 233 89 205 172 69 118 177 207 94 30 105
13 190 137 169 211 159 78 117 134 119 139 179 121 214
8 202 43 27 89 53 36 39 228
11 101 69 222 158 245 180 198 210 116 108 168
12 52 176 99 175 249 193 140 59 159 155 129 97
12 176 110 137 200 92 114 38 10 185 98 170 26
15 50 48 107 165 52 238 35 111 119 85 123 84 27 49 137
13 13 146 158 224 107 180 193 103 248 19 54 95 128
10 130 28 237 11 66 181 73 172 182 233
6 127 220 199 224 139 112
13 1 249 89 121 113 111 180 171 195 132 151 172 168
5 75 52 46 156 127
4 106 16 235 88
6 52 187 90 122 140 26
7 236 144 112 172 97 182 153
6 230 106 33 5 247 143
8 246 81 16 118 145 141 111 184
12 35 29 158 134 207 57 92 113 56 218 190 28
8 191 67 144 109 201 218 54 60
12 190 216 65 243 94 125 48 152 207 222 70 78
10 28 95 63 107 242 84 106 16 205 182
12 204 24 3 179 77 102 105 147 39 191 78 137
10 185 215 179 101 120 200 36 66 203 12
7 147 85 152 14 140 106 172
16 87 47 23 26 49 239 189 181 195 20 16 7 58 116 38 219
4 225 143 92 147
11 8 136 51 103 171 84 48 217 144 22 211
14 85 67 249 7 26 208 109 247 234 101 135 36 173 122
10 117 5 107 12 232 77 157 231 115 172
12 94 112 201 161 95 214 83 106 126 28 226 63
9 111 31 218 79 211 139 249 24 18
10 30 177 32 243 219 87 7 48 96 135
14 233 205 217 222 132 226 96 161 178 90 179 37 120 86
6 132 201 52 47 39 210
9 135 229 33 151 191 235 42 32 115
14 94 174 149 215 27 11 143 125 191 89 36 47 76 203
10 240 187 129 159 4 201 125 68 218 24
7 15 46 51 77 224 19 184
13 167 161 186 90 122 218 129 150 65 54 67 2 106
8 118 172 166 19 250 185 136 9
14 235 7 12 62 4 31 159 114 56 110 41 215 89 190
15 99 126 25 206 156 139 182 215 226 196 16 233 113 169 118
10 116 43 138 56 204 126 27 152 182 127
10 9 69 222 175 220 166 158 126 241 235
10 194 152 54 53 220 74 6 4 118 174
10 212 63 199 97 146 83 210 143 53 80
8 206 214 196 211 61 154 23 97
12 204 212 217 24 115 243 137 22 18 35 23 72
9 176 123 125 116 230 164 39 7 105
13 74 64 79 82 192 160 132 195 11 219 92 40 2
8 52 142 83 105 65 244 15 92
14 8 16 85 159 53 139 117 10 196 60 57 15 98 189
8 57 170 92 38 115 189 46 143
11 28 78 75 129 114 141 174 152 165 134 51
7 87 249 60 138 230 164 66
5 12 113 241 41 42
6 208 28 33 113 245 2
11 165 11 245 30 86 119 112 111 44 205 7
10 237 200 114 78 227 187 154 226 224 68
10 181 89 240 124 33 151 69 125 203 142
15 162 198 233 48 105 177 60 124 160 83 243 211 176 46 199
6 237 235 87 148 135 52
15 74 175 63 209 71 29 5 57 218 169 108 217 144 78 100
10 202 227 246 122 74 168 150 36 233 8
12 224 230 141 68 86 81 231 225 74 55 93 177
10 53 235 211 113 52 104 61 196 221 27
7 18 147 181 77 167 17 105
7 60 23 115 45 162 238 208
13 24 8 180 144 83 31 204 189 75 170 135 123 100
8 54 48 117 19 159 35 112 53
14 138 136 178 141 250 179 61 9 126 149 90 153 107 241
11 120 61 36 211 74 158 68 28 124 194 89
8 120 14 29 238 194 95 125 48
14 23 129 146 49 10 218 125 134 105 159 97 152 2 136
10 75 150 170 240 33 172 24 48 86 190
13 2 15 202 156 5 70 35 179 231 26 98 27 146
9 248 97 237 137 234 64 79 249 130
14 83 37 166 89 248 21 54 55 126 103 191 65 70 158
5 141 7 97 81 84
10 212 36 43 21 121 131 25 239 229 150
6 47 179 206 64 54 56
12 183 161 206 175 127 201 182 64 102 130 27 151
9 217 195 73 244 147 48 125 107 59
8 201 167 241 142 128 103 245 191
14 246 132 239 173 114 42 1 224 145 65 180 210 121 116
9 246 88 132 100 31 176 181 134 180
8 120 149 37 36 224 238 174 177
12 161 186 69 217 59 193 223 45 100 99 136 77
12 83 145 49 96 19 114 164 194 109 199 57 150
11 85 220 129 175 183 212 173 243 17 241 123
10 28 185 187 101 239 186 175 191 44 209
12 88 36 230 24 4 90 210 164 121 67 123 211
11 86 98 53 125 130 115 175 169 154 74 101
7 169 47 191 21 102 4 33
9 215 107 69 212 23 158 85 133 110
9 42 178 180 235 188 67 86 94 193
7 221 233 116 174 56 160 168
16 82 146 97 26 141 15 101 23 6 68 65 115 120 57 249 41
13 107 121 11 239 207 132 108 152 190 221 86 244 166
6 61 233 189 44 10 131
12 234 137 94 204 232 161 155 108 131 114 210 86
9 205 133 171 178 151 226 61 141 66
17 201 181 67 145 123 160 244 118 38 177 175 52 39 105 77 231 116
10 119 125 106 52 34 219 249 172 180 210
15 122 117 176 145 82 99 32 52 250 85 146 245 192 153 56
5 102 240 224 223 23
10 177 84 145 174 128 95 53 189 124 19
12 200 185 82 140 131 190 180 168 235 238 239 99
10 39 80 56 145 161 11 143 188 103 168
16 134 94 244 166 190 151 93 77 13 176 188 17 121 135 164 90
12 230 159 49 27 186 34 191 210 142 64 137 171
8 119 7 67 36 91 177 144 197
9 41 214 140 244 76 84 72 233 203
5 87 243 108 78 11
12 240 58 229 167 153 219 133 209 61 91 211 140
7 19 129 142 199 93 73 74
9 153 50 176 164 76 106 200 48 163
13 79 226 35 238 130 203 12 89 171 174 87 91 117
5 78 159 26 28 27
7 154 61 183 238 209 20 186
9 87 227 163 89 200 30 134 13 188
11 247 67 35 211 58 68 225 125 16 163 187
13 62 159 192 219 157 75 140 26 86 243 47 207 223
9 155 148 195 228 9 121 229 117 112
12 217 191 202 140 177 151 70 19 47 6 164 189
11 145 112 56 166 57 161 164 239 84 231 131
8 31 159 10 233 200 199 119 217
9 40 234 249 68 133 67 121 97 235
9 170 2 119 48 239 127 37 137 223
8 132 152 218 60 235 43 202 234
15 59 208 186 78 10 99 205 109 149 181 239 9 72 138 41
11 92 40 121 24 192 189 66 159 221 239 34
12 186 169 1 175 233 243 4 127 166 109 70 55
9 79 152 91 28 57 135 34 177 44
15 234 218 112 154 9 41 206 90 38 18 199 88 249 72 10
9 41 115 178 133 216 84 232 170 73
10 171 109 151 212 25 98 232 190 72 219
17 78 97 188 31 32 117 194 226 144 203 30 185 199 128 191 103 14
5 120 92 227 95 63
12 124 177 94 192 161 66 231 88 13 100 182 247
11 190 125 167 179 15 13 57 31 199 40 26
12 94 21 115 208 56 128 138 158 220 215 225 65
16 4 224 115 62 166 193 140 228 10 179 106 147 204 160 143 154
7 114 231 204 97 56 203 85
16 196 151 31 72 33 181 214 217 141 128 223 91 132 149 54 21
16 53 190 78 234 101 161 235 206 36 46 130 119 249 63 147 3
11 121 8 222 247 237 101 12 72 66 58 22
9 101 179 114 106 28 73 169 229 27
4 196 55 63 71
8 195 109 67 107 42 247 116 216
11 184 49 155 165 80 71 70 36 163 228 15
11 237 57 100 233 223 155 14 200 95 156 9
11 62 219 168 100 111 7 73 129 202 114 213
11 175 166 181 53 22 205 110 142 190 15 186
7 120 26 180 220 16 70 38
10 63 49 96 190 215 5 42 66 44 170
13 178 92 85 104 211 55 179 94 245 113 248 165 154
7 177 29 2 52 214 162 163
5 239 26 41 25 139
10 186 103 208 112 244 36 30 97 23 109
10 136 157 219 53 106 119 32 101 141 217
6 106 127 124 51 201 112
13 5 30 187 224 236 134 66 12 191 177 90 22 200
14 27 246 102 80 73 178 172 184 171 224 131 7 107 161
9 93 44 211 167 186 6 218 55 231
12 220 172 236 113 249 211 54 97 7 231 217 189
7 35 183 206 46 170 131 70
15 161 87 9 185 15 209 221 104 69 195 63 220 132 230 72
13 12 203 164 225 114 66 144 6 111 37 139 100 9
7 101 42 167 231 28 33 94
12 101 46 102 201 167 52 178 233 127 75 241 129
5 207 165 236 215 15
15 79 161 27 241 7 205 117 126 39 31 239 109 84 81 16
5 53 22 158 96 156
8 105 216 205 26 156 215 38 69
8 55 203 96 173 64 248 53 236
9 242 101 97 149 116 31 106 88 154
11 50 95 112 121 229 65 32 246 203 158 124
8 155 127 227 21 16 172 33 58
4 208 126 59 219
11 99 212 186 247 18 225 35 105 206 134 213
9 178 155 195 248 92 161 3 250 200
12 250 168 65 109 106 44 162 161 33 227 16 36
8 18 178 48 85 79 155 103 144
10 25 175 33 75 162 1 193 118 224 131
11 146 126 25 118 20 137 46 122 202 174 6
11 149 66 77 32 163 106 63 248 221 30 236
14 112 243 111 224 18 26 186 85 90 113 69 28 203 52
4 105 137 177 178
7 23 92 68 219 234 58 1
9 100 157 117 27 2 78 219 218 209
8 212 174 15 220 115 192 22 195
16 59 179 100 81 235 223 88 187 30 61 157 83 221 133 149 89
