2000 300 3
11 67 255 110 269 5 204 120 94 136 22 102
7 5 294 12 1 65 211 222
10 40 231 213 278 98 22 75 83 36 203
6 241 242 174 48 41 256
5 231 299 281 59 171
13 217 261 221 201 81 161 150 58 90 31 69 21 224
11 55 132 224 213 12 81 177 41 227 243 291
11 196 185 37 83 291 154 144 18 1 279 118
6 41 133 287 63 178 261
7 262 290 108 100 297 52 240
6 112 27 213 205 139 236
8 135 248 222 216 77 198 279 92
12 211 149 265 68 26 270 297 7 81 30 41 143
13 67 26 44 196 293 91 19 90 224 133 126 181 99
11 289 290 240 16 88 181 147 183 234 271 205
10 168 93 18 174 189 173 203 109 255 193
7 3 69 172 276 203 12 117
11 38 210 212 29 202 74 9 52 36 286 124
6 39 50 3 239 107 163
10 272 81 43 19 88 225 102 179 213 282
10 282 188 162 293 31 267 189 18 12 124
9 27 118 82 276 38 205 94 116 119
10 190 141 169 26 65 63 230 12 163 197
6 204 123 99 241 244 250
14 280 31 227 155 68 266 287 74 120 15 34 42 105 73
15 99 48 146 101 216 164 8 120 243 204 221 112 181 268 280
11 179 108 134 156 75 161 214 79 185 35 247
10 254 231 62 18 44 15 50 35 186 82
13 23 8 168 106 40 112 205 121 153 33 270 258 136
14 59 263 51 159 185 142 136 286 172 267 82 42 134 180
13 45 146 58 174 17 235 248 150 8 204 94 285 61
9 188 79 288 148 14 72 221 237 108
15 65 282 168 147 8 185 275 200 192 298 137 184 52 139 216
14 52 299 222 289 279 242 67 44 290 231 173 195 180 233
10 209 97 70 36 264 225 110 237 286 221
12 23 234 58 280 224 214 172 63 154 15 211 118
7 115 212 265 238 167 229 18
6 232 283 65 217 296 32
8 80 258 76 209 59 121 275 222
11 50 134 86 299 47 59 113 210 97 197 219
9 181 87 54 163 127 297 164 39 225
4 296 170 201 30
8 56 181 205 227 91 169 212 94
6 147 86 181 94 188 108
9 10 122 195 245 148 30 95 125 162
10 109 247 203 74 67 110 227 2 171 195
4 47 156 285 36
14 115 36 83 141 255 218 30 113 148 4 283 142 19 297
10 205 69 187 60 240 147 237 57 203 294
15 159 236 166 107 24 189 28 265 264 208 257 274 185 214 112
10 121 71 120 133 34 55 149 54 39 81
15 115 14 140 205 225 128 92 266 208 214 76 75 166 39 182
10 73 216 15 152 77 12 226 148 167 209
10 170 154 101 245 294 274 99 277 201 281
4 217 50 130 218
8 18 32 72 263 209 225 219 262
12 25 83 283 90 180 66 23 73 227 290 263 297
9 141 193 205 139 191 229 286 122 177
12 26 60 48 272 222 289 140 200 235 209 255 193
5 244 290 250 61 117
10 67 47 123 20 276 33 63 109 71 286
8 129 269 103 111 36 157 139 184
6 228 166 289 70 15 47
8 128 295 3 160 189 236 43 230
8 171 251 70 112 239 153 164 85
11 6 59 57 257 240 20 51 222 74 227 244
5 58 223 44 180 81
5 300 249 183 160 47
4 280 135 165 214
9 277 165 296 232 121 112 10 189 216
16 56 231 62 173 190 24 77 59 265 204 89 66 15 275 106 193
13 156 108 70 48 13 98 211 221 68 59 288 255 88
6 59 63 116 213 225 199
8 283 203 265 124 127 166 183 15
6 113 104 192 143 67 298
6 91 165 103 30 174 146
8 113 271 99 13 226 194 76 139
6 225 253 26 210 277 65
15 282 207 73 94 246 198 48 154 69 229 106 5 92 135 85
9 141 56 119 287 193 160 253 151 181
8 171 64 217 215 205 90 231 170
6 88 96 7 154 27 130
11 82 86 121 263 292 268 144 9 125 134 270
6 142 84 295 47 210 276
7 163 69 2 110 76 240 226
13 170 115 243 56 182 43 141 258 134 114 224 112 251
10 122 64 37 89 136 31 217 26 224 152
5 215 73 95 55 114
8 41 149 17 150 188 50 28 249
8 276 46 34 81 42 31 203 36
7 18 232 48 93 170 212 175
9 120 244 238 225 22 106 64 92 292
11 231 164 94 20 279 182 278 215 201 131 295
4 56 108 228 65
6 56 60 232 79 30 289
5 267 174 288 229 183
7 245 3 231 212 169 114 202
11 128 253 8 104 300 114 103 64 175 51 212
8 291 221 138 41 235 207 75 104
10 127 19 266 250 200 279 53 75 110 128
14 99 282 33 185 286 225 244 132 18 192 285 65 81 200
9 126 75 216 227 90 178 261 254 70
4 3 178 34 261
12 109 53 228 94 20 206 200 237 267 253 50 101
9 262 247 202 133 190 173 251 211 45
10 207 84 184 45 215 71 35 122 75 177
6 244 8 81 45 226 219
12 152 211 43 209 64 156 163 74 285 246 31 85
5 273 61 80 264 132
11 1 281 220 62 94 192 201 4 116 26 171
12 121 33 83 73 42 167 139 254 22 32 63 37
11 108 42 19 24 143 117 147 91 102 296 98
10 222 264 241 199 272 147 288 235 15 207
7 52 271 105 111 234 245 272
14 180 12 17 54 221 227 63 112 3 6 128 279 39 259
7 214 261 83 127 193 151 141
5 32 30 187 94 21
7 207 171 137 121 175 275 242
6 230 30 35 46 220 198
15 253 88 45 235 15 135 56 145 50 269 164 66 271 132 13
8 96 168 208 83 256 139 15 271
6 276 269 287 254 59 239
12 149 293 214 141 80 186 300 171 81 154 255 53
8 180 61 88 92 118 237 190 249
13 289 52 266 198 89 265 17 77 122 277 216 132 9
13 41 252 276 189 42 93 221 26 201 190 254 69 244
8 129 192 117 30 83 59 70 215
13 208 124 158 87 292 118 261 121 172 74 25 68 180
9 94 198 126 8 64 72 13 19 87
8 146 130 196 43 227 283 291 298
11 128 84 114 262 148 275 270 171 79 189 85
8 143 135 122 53 80 43 30 236
8 27 280 103 132 246 223 238 177
11 58 282 124 112 214 49 127 27 52 3 11
8 193 174 12 297 199 148 33 59
10 172 256 76 36 260 195 230 144 138 44
6 280 218 180 110 269 215
7 145 68 59 122 114 174 130
9 182 89 144 277 195 267 63 140 166
10 275 33 141 139 172 249 14 174 27 39
9 111 113 294 181 262 87 293 19 122
15 115 136 175 62 112 1 295 88 157 268 141 280 72 222 111
8 184 74 155 71 40 170 215 112
11 136 181 249 271 94 161 16 293 148 153 144
7 277 25 15 284 88 193 275
9 38 254 112 3 276 71 47 226 184
11 79 168 285 261 36 93 111 51 203 189 95
9 67 116 188 96 19 237 238 55 77
4 253 280 56 230
10 186 294 173 20 154 217 200 81 203 249
8 166 186 211 137 297 142 205 155
5 236 189 79 190 15
14 38 277 171 221 62 74 163 141 294 233 120 14 176 226
8 236 108 71 219 2 163 224 293
10 154 27 160 79 250 62 274 31 147 279
8 131 49 55 213 6 160 268 123
12 196 118 110 127 106 8 84 172 113 14 89 49
5 59 107 90 279 6
7 295 130 173 142 32 265 124
9 254 263 249 286 276 235 195 187 100
14 61 44 8 92 205 264 82 54 298 151 32 275 155 147
13 40 115 20 242 113 59 163 215 257 147 199 146 64
8 25 185 89 116 80 254 288 10
13 78 159 188 264 217 141 252 136 158 185 298 3 281
6 155 208 33 15 83 236
5 243 125 181 3 54
10 134 64 82 76 244 41 283 62 247 255
5 201 182 47 3 282
4 116 121 265 194
7 271 245 239 122 197 187 182
7 295 252 87 129 135 62 22
9 86 254 11 192 291 89 114 196 241
9 28 293 198 158 12 102 142 84 125
8 51 284 49 217 280 122 112 294
6 273 253 167 229 221 116
8 279 244 239 158 13 162 10 197
16 147 21 91 198 137 45 120 96 155 193 251 222 37 206 87 165
9 281 105 139 235 224 231 230 159 44
8 199 37 160 225 72 153 103 40
8 242 176 134 110 117 202 291 85
12 16 292 87 136 27 67 112 123 53 26 168 181
8 194 14 200 293 226 234 204 61
14 243 74 83 252 15 111 149 52 17 82 23 199 245 30
10 238 196 211 222 278 78 1 260 203 93
10 157 195 19 261 1 65 194 154 131 169
8 112 235 250 272 259 114 92 121
8 184 144 30 24 155 163 210 90
8 295 130 208 2 164 176 23 54
5 113 153 47 283 295
6 86 291 110 258 98 269
14 20 46 234 290 197 213 184 144 297 80 169 293 53 73
10 126 184 112 53 35 183 219 68 288 136
7 268 238 76 165 3 155 233
10 272 183 56 116 111 30 8 268 84 114
5 162 280 79 156 101
8 168 212 20 213 30 220 5 67
5 83 114 240 209 169
13 167 136 56 72 210 110 201 93 288 134 254 106 66
11 288 40 144 249 14 95 182 191 163 222 127
9 187 148 253 41 11 109 152 74 88
11 10 252 162 219 201 180 225 285 153 176 43
9 193 214 171 183 249 105 175 12 139
8 207 246 225 196 253 103 41 180
12 136 224 100 58 149 204 84 140 205 167 90 216
4 168 57 136 137
16 232 203 221 188 73 59 98 30 144 61 151 184 106 77 62 69
11 2 78 124 287 241 58 101 41 59 164 33
5 95 176 19 241 57
4 50 51 187 244
7 171 195 130 5 143 98 197
13 115 158 159 117 295 46 75 24 150 16 88 182 131
8 289 269 282 231 241 14 79 235
8 202 78 26 241 13 76 133 259
11 1 228 15 184 253 209 266 294 115 148 172
10 50 100 200 236 214 152 119 88 45 145
8 65 106 112 274 113 19 216 194
13 243 276 73 236 62 108 61 100 65 26 37 173 98
10 4 98 284 68 282 127 150 206 69 74
7 169 256 300 197 102 242 297
9 283 68 128 179 22 108 236 192 253
6 24 21 139 120 19 233
7 243 247 221 240 151 50 172
7 291 194 190 172 19 167 84
6 182 155 20 132 46 38
9 111 171 41 37 26 90 117 223 185
10 148 241 138 69 53 175 47 151 255 203
5 273 251 160 249 97
19 209 152 199 256 19 289 105 177 135 90 83 103 4 126 94 175 112 72 84
10 28 203 176 212 206 130 188 132 48 47
12 179 131 59 155 16 39 33 240 175 200 52 262
12 226 88 260 114 108 110 113 102 179 209 196 215
10 142 291 42 41 208 270 214 180 260 77
12 34 60 234 175 158 86 73 156 128 43 294 110
15 19 96 174 16 103 28 269 6 230 23 133 62 94 7 265
13 151 80 101 139 45 57 93 132 110 258 244 184 216
13 195 130 58 150 47 209 85 235 292 86 7 200 246
8 68 101 9 114 274 145 105 130
12 1 117 139 194 124 209 35 83 29 22 14 289
11 230 27 54 291 244 173 129 197 162 33 41
12 24 135 260 207 175 261 18 98 1 161 228 72
12 145 79 130 218 269 271 250 251 261 108 237 300
5 44 283 31 269 225
4 213 259 241 51
9 226 210 129 149 206 276 49 46 24
12 10 150 106 151 81 212 120 253 254 43 31 20
7 106 217 270 117 290 102 163
9 69 216 97 110 156 162 296 220 121
8 150 197 136 135 171 142 163 276
10 24 179 76 10 259 226 52 192 108 254
8 276 116 171 187 139 9 299 241
11 177 42 147 56 236 62 199 125 68 116 243
10 252 44 192 299 98 257 144 292 78 139
8 231 41 86 187 211 24 134 91
7 258 294 64 286 295 214 238
13 91 27 64 125 282 207 284 7 291 257 168 131 44
10 105 171 111 70 118 61 150 91 151 13
6 196 172 281 143 28 35
12 54 26 128 9 204 139 159 247 32 79 60 122
13 37 265 204 293 69 88 99 52 92 120 139 236 295
8 197 156 147 175 71 16 254 77
12 170 23 206 58 202 98 129 84 24 263 189 16
10 146 242 31 67 44 170 169 28 125 68
6 120 107 77 285 300 228
13 156 164 23 125 47 122 168 145 100 239 72 146 7
9 265 281 173 170 12 7 14 169 2
7 80 281 111 181 174 225 210
10 62 198 115 23 166 33 148 124 64 86
11 264 71 298 234 161 134 121 270 4 216 239
6 41 299 56 118 6 75
7 273 180 15 192 218 108 262
7 65 116 99 294 152 128 21
10 245 124 132 84 102 103 112 210 287 52
6 74 185 202 263 148 135
11 184 6 242 66 217 256 8 225 82 288 26
4 138 65 245 56
10 136 257 63 263 24 65 40 233 177 15
9 262 214 283 237 207 84 168 118 103
9 69 6 175 264 105 227 41 210 17
10 229 98 120 146 180 203 139 1 84 18
11 232 16 115 281 283 197 82 214 43 213 202
12 109 110 198 81 96 298 95 112 158 187 140 120
9 99 30 41 108 164 140 42 126 200
8 118 246 257 218 8 64 33 92
7 156 290 203 88 159 56 70
10 131 252 267 240 272 184 119 115 87 12
7 6 245 81 129 73 57 179
12 159 89 110 203 281 155 39 263 18 207 209 118
9 38 68 260 91 178 135 206 230 120
8 149 89 252 70 187 162 101 18
4 239 59 274 202
8 237 105 94 126 108 290 103 21
6 64 166 123 42 91 233
7 217 97 153 107 290 280 161
10 245 77 208 289 260 10 212 33 205 293
10 295 238 54 94 145 206 164 146 185 186
6 25 235 244 173 139 27
12 241 285 244 101 163 237 50 14 87 269 252 77
8 75 238 45 16 125 140 237 268
6 47 220 69 299 54 252
8 260 185 53 267 137 96 129 254
11 46 42 44 117 268 111 115 222 49 218 166
12 86 79 269 150 49 183 185 15 93 3 202 233
12 282 246 138 262 86 194 200 279 24 67 236 46
4 62 80 192 202
13 220 98 281 73 252 4 19 214 215 109 278 129 197
9 45 187 278 181 101 176 191 128 276
8 66 73 54 244 293 27 81 159
8 252 232 187 177 66 38 105 148
4 62 152 197 266
7 261 48 10 265 155 219 168
9 119 156 186 286 91 256 64 88 166
8 84 288 28 128 110 280 138 202
7 196 174 10 4 100 293 226
8 112 271 65 5 169 148 146 4
6 128 41 106 116 114 45
5 83 112 166 125 75
13 98 246 116 226 18 39 9 174 40 42 139 258 70
5 162 82 10 112 36
8 163 132 45 216 19 295 7 104
10 231 248 141 2 130 38 209 50 242 246
7 87 201 75 6 48 4 272
10 179 129 262 183 135 272 58 111 99 223
8 188 240 19 92 286 127 140 258
7 123 104 257 111 91 41 94
10 43 279 9 215 281 130 160 290 192 296
5 153 124 57 300 239
11 70 109 98 7 56 226 107 229 280 173 269
15 161 211 87 268 80 61 64 22 292 283 92 223 159 70 212
9 70 253 63 96 258 84 135 146 151
6 49 9 103 228 271 57
14 24 208 127 202 20 69 140 17 199 19 294 211 252 253
7 22 19 186 17 228 28 73
11 159 83 16 210 77 51 35 261 266 26 224
8 10 203 182 172 222 95 184 137
8 276 258 103 147 188 149 28 288
8 288 242 62 147 240 286 128 213
8 20 142 199 196 272 110 256 88
11 249 168 271 68 173 24 227 136 284 238 137
11 174 20 293 80 59 117 47 93 91 96 128
6 265 219 167 299 29 283
12 151 57 239 137 25 97 224 26 80 98 117 119
9 145 126 55 173 94 118 216 211 43
5 182 33 275 166 157
7 47 277 197 198 112 203 88
5 157 279 74 240 166
6 184 225 130 258 143 272
9 195 22 299 214 90 269 258 149 103
5 29 55 63 272 83
6 11 30 250 235 272 105
12 213 15 259 201 92 85 133 160 243 232 134 194
6 297 253 294 259 239 132
14 231 51 224 230 276 213 158 293 47 160 256 49 43 297
13 75 32 87 55 119 146 211 287 152 115 5 170 69
6 86 209 112 77 20 23
8 150 68 260 48 61 213 270 93
7 159 45 281 257 151 230 85
12 119 200 113 227 175 59 198 233 18 95 13 235
8 92 181 32 34 161 112 51 56
6 10 28 202 36 229 188
14 287 108 257 237 78 8 101 61 146 46 72 73 91 198
8 225 97 291 190 224 117 199 37
8 124 106 246 299 156 25 44 92
5 135 52 228 221 145
4 177 281 256 230
7 80 251 186 69 78 29 127
9 157 62 132 64 226 172 173 208 260
6 88 228 151 103 252 36
6 148 47 188 290 154 273
10 181 200 194 256 177 257 193 143 171 253
18 218 209 117 36 210 47 7 141 18 8 74 22 95 55 13 224 118 186
11 182 263 216 271 123 264 168 146 64 255 244
11 163 37 83 283 155 14 164 299 249 78 75
10 255 14 197 192 158 283 73 110 37 133
9 136 42 214 110 16 189 151 287 48
10 121 168 295 101 27 83 75 239 57 137
11 101 193 125 227 29 168 114 28 190 232 182
7 57 73 150 107 255 116 74
11 97 259 87 242 104 136 299 73 250 288 89
8 71 254 261 72 84 38 118 176
6 272 157 25 50 51 292
10 111 76 79 23 233 42 232 155 199 121
8 118 260 163 19 215 141 97 137
11 71 278 99 40 247 130 218 246 112 205 37
9 171 20 72 74 230 97 108 267 286
11 273 227 188 43 187 29 41 178 20 16 135
4 29 202 262 112
8 221 77 237 10 183 233 161 232
10 91 222 65 77 172 179 6 231 75 177
8 19 120 279 14 31 161 189 62
6 13 165 192 178 267 10
9 96 267 148 255 175 136 8 234 218
9 193 155 90 42 87 142 194 174 18
4 101 146 207 54
10 140 251 196 118 76 49 45 241 39 233
9 19 193 63 17 235 276 115 166 238
8 73 112 242 236 149 99 225 9
5 54 58 172 135 275
12 17 196 192 66 136 151 263 40 177 221 240 281
13 292 72 181 67 35 128 90 166 105 58 255 19 274
10 132 176 61 87 136 56 8 183 161 46
11 265 299 158 247 73 12 56 196 62 242 199
9 203 230 245 182 43 44 65 207 250
6 293 218 185 122 116 82
10 138 124 290 143 139 8 285 112 232 11
6 178 176 84 102 17 49
10 149 215 258 71 128 285 56 236 35 31
12 18 253 80 97 56 106 192 110 270 21 137 40
13 103 188 163 42 273 88 67 181 7 272 132 218 100
11 105 239 185 85 235 215 196 177 119 139 200
11 81 279 22 62 164 119 178 258 69 127 90
5 164 209 1 247 45
9 24 288 101 59 55 31 165 9 235
4 48 167 137 246
9 45 46 221 94 153 29 200 141 201
11 171 206 150 7 195 55 175 259 9 120 219
11 275 282 170 208 56 75 283 196 274 37 193
10 84 119 133 290 89 126 54 141 184 259
10 91 218 238 203 145 245 41 181 144 6
10 199 155 198 51 256 149 219 165 247 39
7 274 206 211 172 284 134 3
7 298 26 17 277 37 205 283
10 93 280 225 16 238 201 171 202 20 68
6 229 283 290 120 110 105
6 63 17 298 130 290 129
6 39 116 49 150 216 112
7 173 5 281 135 184 256 236
11 81 82 16 240 79 14 161 155 215 257 62
5 84 152 106 122 109
8 192 39 238 247 1 51 254 195
4 186 48 297 160
6 35 145 216 4 153 184
8 213 209 113 290 191 129 2 188
16 39 205 8 119 166 228 153 59 122 241 62 26 130 87 41 165
10 71 257 134 54 72 261 35 4 34 8
10 159 44 19 269 220 300 30 1 59 94
12 299 88 276 179 183 133 278 104 69 148 227 109
8 20 130 264 236 296 266 247 157
8 256 83 24 187 75 48 285 162
5 159 281 10 203 64
10 231 233 14 169 198 94 243 125 202 296
12 128 70 132 16 145 184 282 216 267 45 185 57
8 107 96 222 188 71 29 185 266
10 168 159 289 2 112 81 278 294 174 239
5 36 235 5 159 232
4 104 25 170 100
14 251 199 80 88 197 15 19 242 211 95 245 164 39 58
11 96 201 268 85 219 222 158 50 46 276 185
14 178 62 203 135 101 280 223 56 237 39 17 261 98 115
7 163 274 141 240 192 161 96
13 30 112 231 185 135 169 21 212 171 34 199 182 52
7 8 239 197 226 111 55 20
6 100 211 51 152 4 204
4 254 244 62 293
11 67 12 164 173 100 52 190 104 21 129 280
10 264 252 248 271 68 66 260 41 107 289
9 83 153 285 129 282 24 184 199 5
4 117 51 142 36
7 102 157 245 141 146 3 43
10 61 208 225 79 24 51 101 197 110 280
5 274 137 258 65 209
8 143 226 101 254 8 162 107 297
9 191 7 154 180 59 86 252 170 146
8 1 157 256 298 171 121 14 287
8 10 250 44 78 212 254 176 269
12 228 259 11 148 187 84 184 44 260 201 60 173
14 250 221 231 21 174 139 242 292 293 186 6 59 50 96
9 152 269 180 94 194 212 3 238 38
12 252 207 150 277 44 9 176 293 147 26 279 228
10 151 66 140 101 298 230 187 147 267 154
6 292 81 188 228 276 20
7 46 267 74 212 272 225 6
7 162 125 51 227 292 114 231
5 134 131 3 43 271
7 127 53 95 212 51 73 90
9 65 246 186 191 82 160 248 30 270
5 150 126 293 276 285
5 255 252 276 6 72
10 292 218 21 279 32 173 90 111 44 121
5 165 87 198 213 276
14 3 95 270 100 108 81 10 130 237 116 166 111 157 46
6 261 85 80 293 274 129
7 193 88 250 283 106 160 253
10 244 231 103 267 224 155 129 20 283 124
8 3 210 209 116 22 142 272 285
10 33 134 148 34 122 285 220 284 257 20
12 94 23 129 297 169 188 15 158 258 89 106 140
8 256 282 261 84 78 74 169 226
9 211 25 115 212 233 67 30 267 63
12 236 118 163 263 235 151 270 223 215 178 66 213
9 284 122 140 260 198 295 267 191 283
9 240 13 163 200 300 81 116 115 262
9 263 230 5 10 252 96 286 175 185
14 170 243 88 125 202 294 219 139 8 156 200 254 197 79
4 251 172 261 165
9 208 131 118 146 292 73 49 52 264
11 200 23 135 260 70 60 151 263 101 93 238
13 58 206 181 244 102 221 128 151 288 19 44 222 35
9 237 136 81 13 59 220 14 293 104
9 95 83 288 23 14 135 148 24 209
8 201 44 245 130 30 235 217 101
8 12 184 218 147 139 241 148 36
9 260 300 71 97 195 233 175 243 26
13 140 207 114 116 276 274 300 204 52 66 151 149 70
9 48 237 34 23 200 54 256 158 279
15 159 41 218 169 50 257 117 204 228 118 163 5 18 161 256
7 107 13 249 205 48 170 224
10 258 68 148 274 299 166 111 186 234 98
8 76 34 102 293 227 211 150 213
10 109 277 33 172 199 232 24 2 112 156
11 206 134 22 35 196 26 203 68 144 236 200
7 59 271 299 22 236 80 263
5 39 96 154 113 62
8 185 133 95 175 284 140 201 39
5 89 177 21 26 106
5 90 46 177 79 297
10 6 97 180 65 56 164 152 117 195 98
21 32 284 62 136 8 207 273 130 75 105 43 117 18 70 282 6 187 167 261 277 4
14 50 283 132 165 15 213 160 110 288 206 130 1 297 273
7 24 96 195 284 243 282 178
4 185 151 235 66
9 46 131 13 172 183 218 186 180 158
10 254 171 165 68 274 105 298 167 75 107
5 209 145 82 84 94
12 198 233 300 296 143 155 138 266 98 222 295 132
8 242 151 260 183 188 224 289 203
7 155 38 2 129 82 32 205
15 208 219 201 246 176 150 43 180 79 136 222 59 132 127 184
12 31 16 190 161 188 300 127 256 184 157 128 109
12 290 206 264 256 73 218 28 68 93 240 33 120
13 200 18 195 298 41 280 140 271 216 268 176 238 276
12 145 189 70 269 74 230 149 119 82 72 63 298
7 132 105 174 280 2 210 250
8 165 13 253 38 191 237 198 17
5 184 1 242 82 60
8 233 220 179 185 47 289 192 147
12 184 5 183 218 228 119 176 136 180 255 187 234
12 77 31 20 293 224 211 242 138 158 75 45 135
8 196 178 5 194 10 113 117 37
10 35 165 50 150 179 15 113 18 225 124
7 105 35 130 169 140 252 295
5 296 209 218 234 58
4 243 53 155 246
4 217 274 280 115
10 270 19 13 289 1 210 209 32 34 144
14 198 64 94 53 102 295 205 70 111 243 96 32 85 186
4 224 199 227 15
8 107 124 272 220 100 236 35 263
9 265 37 221 154 130 40 81 247 232
10 141 253 236 186 206 207 144 71 130 27
13 211 87 255 19 126 22 275 116 123 299 43 44 220
11 40 48 147 280 19 121 107 57 219 80 263
14 235 88 209 145 128 2 27 290 224 248 108 160 273 65
5 18 257 248 265 178
6 55 38 288 254 268 148
10 114 27 113 181 178 6 184 219 252 171
11 145 240 78 111 82 103 138 133 92 135 22
8 241 258 217 296 254 269 2 233
10 134 159 72 236 233 135 249 57 196 70
15 206 10 257 22 154 149 112 290 34 60 261 286 74 294 66
8 9 275 147 241 228 121 66 276
6 287 47 271 68 137 13
12 124 22 34 137 191 112 230 270 5 33 178 1
5 284 134 138 299 204
9 206 251 185 214 163 1 178 113 12
7 215 147 133 292 134 25 53
7 243 250 45 220 192 112 261
12 39 217 93 50 59 148 222 272 89 1 225 68
4 291 62 214 282
4 283 80 241 139
4 86 159 140 47
12 295 266 256 42 74 116 272 53 50 70 14 109
8 154 292 9 149 200 114 42 214
9 257 16 151 82 228 85 181 177 267
4 187 279 4 265
12 28 275 209 294 267 212 299 191 161 50 203 133
6 232 142 257 166 171 249
8 219 17 250 16 187 147 213 5
5 176 121 106 9 275
9 28 13 252 243 273 249 110 18 179
6 79 259 11 132 280 266
5 196 199 241 262 2
10 177 182 54 154 101 81 98 38 268 164
9 243 228 242 113 179 279 11 103 295
9 9 89 277 219 132 198 23 275 20
9 20 172 45 163 156 107 275 240 271
7 123 113 222 65 24 157 138
13 116 271 46 217 108 173 60 289 157 9 260 170 255
10 143 4 40 42 33 223 115 108 157 173
9 137 181 269 14 295 41 276 22 27
9 32 2 293 197 48 285 267 277 52
9 74 97 31 169 41 233 275 261 40
9 140 176 139 121 161 252 181 207 9
11 172 99 278 157 41 46 177 232 253 295 238
8 41 206 109 203 53 19 256 211
10 121 53 44 260 109 266 72 192 283 9
7 143 16 47 119 18 162 11
6 50 222 95 199 300 193
9 214 40 154 163 43 73 74 197 218
14 154 140 31 217 194 45 98 183 229 224 240 89 135 115
6 219 93 234 21 183 229
6 21 241 260 166 175 53
12 106 16 40 115 85 19 223 281 75 277 97 150
4 233 230 113 20
10 105 130 278 235 82 197 55 146 241 215
6 261 20 189 219 11 178
12 129 177 218 61 283 161 231 44 70 146 55 174
14 245 238 35 13 99 141 285 54 226 214 104 241 21 62
8 77 105 197 80 39 79 88 268
8 155 76 225 251 258 30 107 221
7 243 291 124 228 148 97 114
6 188 252 205 81 87 73
7 43 54 38 22 164 184 159
6 196 20 293 217 41 222
6 58 8 130 38 142 243
9 195 160 298 275 95 154 145 17 170
4 157 70 68 231
13 199 11 17 33 262 255 36 82 254 16 163 5 54
11 4 28 24 254 241 26 161 115 135 205 217
11 139 283 280 21 68 17 187 277 28 272 240
6 218 32 129 295 4 51
11 34 41 135 266 127 223 250 28 58 89 171
15 137 255 77 238 232 216 210 149 294 170 17 47 48 264 279
9 151 20 240 100 207 125 18 41 71
10 147 273 146 59 73 275 183 66 4 82
10 138 215 223 1 99 280 92 202 181 234
7 120 25 21 231 172 194 253
4 14 128 15 136
4 291 14 279 73
6 151 214 142 234 169 71
16 91 19 35 133 132 93 184 32 167 80 280 174 142 81 2 107
5 198 293 235 169 9
10 255 223 63 121 215 247 84 18 250 269
9 125 300 65 242 107 205 25 229 37
7 138 157 249 126 110 37 253
9 260 254 109 195 57 256 277 253 114
10 195 24 286 114 208 211 107 168 183 120
11 267 241 292 85 131 251 40 244 234 298 211
6 63 43 139 137 199 99
4 83 294 233 300
6 70 19 274 54 219 120
7 74 282 100 294 99 272 207
13 96 260 157 105 282 72 183 196 147 31 75 261 11
11 114 30 249 275 60 21 165 53 22 183 85
10 145 47 70 87 3 276 152 189 143 116
4 61 173 218 21
9 161 100 213 238 146 113 94 14 111
11 102 84 128 211 210 111 36 75 285 208 220
10 119 188 50 116 233 242 57 221 128 251
8 164 125 74 212 25 298 260 287
12 182 203 188 267 205 162 150 250 186 257 123 157
9 124 220 14 236 97 286 230 133 199
9 121 82 28 204 295 147 188 37 278
7 26 24 9 186 103 95 41
15 215 251 3 178 123 145 161 298 25 128 148 151 100 120 272
8 120 5 174 112 166 232 83 262
13 215 91 55 17 56 15 252 166 141 74 242 117 201
7 257 27 147 252 256 138 171
10 247 14 122 71 290 195 239 25 67 37
11 110 45 131 160 93 294 77 255 26 76 163
17 195 19 296 280 37 226 242 209 153 118 158 259 88 92 114 46 199
11 44 236 83 281 125 53 224 252 218 188 25
10 70 93 201 24 17 89 294 238 113 86
11 282 15 138 217 267 158 163 23 161 135 243
9 23 36 101 98 28 288 197 238 174
8 190 54 216 115 159 23 50 30
12 219 268 164 74 84 98 6 176 290 109 275 104
10 161 157 271 138 166 191 211 300 140 74
18 185 48 135 182 131 275 13 162 83 244 166 73 286 177 202 62 3 230
11 228 82 279 24 187 86 97 103 246 142 76
6 245 138 164 271 299 107
11 144 131 196 63 5 68 43 93 221 35 289
11 43 193 153 74 161 2 46 216 269 91 214
6 277 203 165 114 278 176
8 19 198 136 183 172 232 92 119
13 185 252 246 158 171 91 118 205 133 272 193 32 110
13 267 192 9 270 123 261 53 266 231 56 102 22 111
12 56 207 249 268 31 19 237 100 262 291 265 281
11 134 34 222 229 196 212 243 45 155 150 291
9 251 147 51 65 260 275 152 155 1
8 125 53 13 41 60 241 82 90
8 260 113 101 140 248 152 276 297
4 281 151 193 61
14 160 122 98 208 258 84 59 136 251 259 167 232 145 267
4 65 88 260 172
6 58 289 64 225 126 3
10 215 157 25 58 238 76 240 280 209 84
9 38 177 255 171 66 2 251 27 107
4 165 105 100 256
9 108 283 224 78 167 234 28 183 229
15 4 165 242 125 41 48 104 240 155 35 166 195 259 226 183
8 264 4 211 21 119 84 213 5
6 113 109 31 211 58 93
9 44 198 100 118 32 26 77 80 246
15 78 216 168 177 215 30 113 213 12 288 257 296 27 197 180
5 207 282 183 291 162
12 289 204 292 83 89 239 71 195 31 101 201 40
12 13 175 105 249 6 50 198 219 275 227 1 211
14 139 30 170 50 79 160 154 25 194 254 27 285 152 34
9 265 171 247 187 256 50 45 173 294
8 204 235 61 225 98 130 233 117
8 16 121 55 245 181 90 76 87
9 91 32 81 118 86 211 117 106 33
5 94 74 233 1 182
10 16 209 84 21 183 99 253 292 249 70
8 188 52 62 233 190 53 8 126
9 166 158 194 85 87 249 10 241 64
10 247 263 262 66 123 24 10 229 276 146
12 184 229 274 10 126 206 152 287 292 290 273 32
13 182 140 61 159 55 12 252 5 98 293 295 149 60
8 41 121 162 231 226 275 294 32
10 149 260 223 220 152 45 80 11 184 126
10 53 105 223 103 169 272 295 13 166 6
4 52 154 68 84
12 258 111 291 298 146 47 99 287 41 187 249 29
7 289 23 263 269 79 89 14
8 121 3 202 69 294 300 149 284
9 259 247 14 197 63 71 300 10 296
15 214 59 221 31 83 219 42 271 22 287 160 55 135 239 171
7 256 24 129 75 61 211 286
13 57 241 33 90 82 182 52 282 167 279 268 88 40
9 13 178 80 93 285 268 10 218 200
7 29 285 199 17 215 68 259
7 49 194 262 116 257 253 284
8 209 133 281 143 272 145 273 19
5 285 5 39 212 235
4 209 2 267 203
10 60 88 64 58 173 285 266 44 111 240
13 56 169 272 51 83 8 42 84 63 235 62 19 223
10 77 244 127 232 113 215 191 29 192 51
7 70 251 185 48 43 157 113
8 212 214 192 111 104 281 71 59
5 89 50 85 255 14
8 267 2 163 46 263 172 88 218
7 49 12 280 22 260 176 178
8 272 167 137 240 10 289 195 221
7 79 274 14 84 69 295 155
5 264 272 14 211 256
6 112 106 122 285 218 37
17 120 88 244 149 53 270 184 259 96 271 170 252 193 48 245 11 41
7 137 217 262 286 197 105 248
13 36 89 129 244 234 279 144 4 74 33 45 204 112
8 106 181 80 4 216 135 109 126
9 236 229 172 254 71 280 112 48 182
11 170 37 298 289 58 201 8 211 97 166 112
11 122 252 137 299 9 250 179 52 151 153 94
7 58 171 67 230 74 180 246
16 64 34 141 269 63 100 44 76 234 111 210 237 191 254 300 26
5 120 110 37 266 185
14 15 128 114 168 44 56 264 233 249 172 69 160 107 192
12 30 179 157 20 77 230 63 25 297 170 134 215
11 22 206 104 81 47 264 84 198 58 106 17
10 237 279 29 210 178 75 191 96 248 272
7 93 277 83 150 46 11 5
10 45 267 48 130 73 243 47 2 158 285
10 235 117 200 164 223 299 206 101 240 207
13 184 158 62 202 153 231 10 203 26 236 128 88 43
7 213 21 176 200 265 299 99
7 34 233 270 104 45 188 180
10 281 299 115 51 157 293 263 220 253 123
10 249 33 115 3 41 9 251 114 42 271
7 180 106 200 32 161 148 254
8 207 249 8 263 256 10 45 279
6 55 114 230 256 145 169
11 12 87 277 39 79 251 179 260 271 78 86
9 229 91 101 74 115 235 209 216 259
10 221 150 59 159 207 244 25 130 226 143
6 238 135 20 6 149 170
12 125 144 232 160 159 59 287 202 220 279 250 288
9 229 256 103 7 293 26 164 168 179
11 222 74 105 202 53 229 48 159 221 212 40
9 65 257 299 95 37 221 137 43 226
8 192 226 214 293 93 7 274 183
12 25 162 165 94 215 190 49 60 196 275 51 143
5 94 295 265 196 81
6 231 42 96 154 133 64
7 84 245 99 244 238 46 104
6 279 69 59 278 182 124
11 180 89 130 216 95 176 141 221 108 136 118
10 78 127 69 191 279 108 43 52 106 133
11 233 51 242 33 247 3 296 104 174 56 32
8 236 123 226 193 137 182 51 277
9 146 61 168 104 28 225 122 184 43
12 282 33 169 215 219 116 61 273 82 240 128 216
13 161 125 9 45 228 247 283 285 16 156 173 38 198
10 288 8 290 238 250 243 93 56 188 276
11 19 101 181 87 8 273 274 152 53 77 246
9 34 171 115 172 245 149 14 199 271
10 93 144 73 128 40 49 248 177 243 281
9 136 2 222 157 285 107 102 216 4
5 209 220 69 113 243
8 165 156 210 7 182 88 261 203
8 298 46 268 159 24 52 164 67
9 192 267 95 61 187 216 199 122 166
7 70 291 102 108 64 14 54
4 35 277 39 37
11 294 97 92 178 122 291 88 139 29 107 176
7 6 80 216 116 19 134 292
9 120 289 243 56 211 51 192 71 227
8 264 212 23 223 268 111 67 183
10 130 186 69 168 50 273 224 221 148 42
15 128 55 143 115 246 275 231 215 66 234 90 96 122 214 294
13 286 25 96 142 222 22 58 253 45 3 18 42 251
5 283 61 191 145 180
9 246 48 17 160 136 166 33 249 144
6 92 26 227 286 118 207
6 270 35 223 258 203 233
4 251 57 202 247
12 53 253 129 281 13 249 298 195 156 223 104 188
4 300 134 238 258
7 54 59 208 49 21 275 164
9 290 81 45 241 186 277 226 13 29
8 239 234 283 285 203 249 82 27
11 295 199 38 256 265 78 245 226 215 69 168
14 195 15 69 124 270 178 3 155 18 220 66 29 224 283
14 257 117 181 281 224 229 107 40 143 11 140 285 300 32
8 91 123 261 45 83 151 184 219
7 19 76 39 149 146 163 299
7 181 32 163 77 151 93 122
11 250 23 227 199 143 102 237 168 104 202 65
11 160 95 208 41 284 244 118 35 193 281 71
5 13 163 299 206 111
9 149 202 23 25 12 127 157 110 276
7 173 261 180 129 83 90 204
12 275 177 64 24 176 135 296 300 269 149 164 136
14 184 233 166 109 193 52 175 183 300 142 293 232 97 119
10 216 159 241 140 37 162 56 278 198 28
12 294 144 39 66 177 164 148 184 91 181 119 231
6 3 273 26 49 205 173
15 80 188 123 60 155 216 245 239 206 141 71 274 117 63 46
10 68 150 74 188 169 252 167 286 101 50
8 179 202 102 233 293 257 212 247
7 281 102 89 50 193 182 4
9 198 14 217 226 192 156 61 207 181
11 112 4 125 156 62 101 154 58 232 121 176
11 58 53 68 278 286 64 300 124 84 174 63
6 298 136 189 177 15 60
14 135 243 272 71 252 172 81 14 262 72 184 99 263 210
9 151 7 295 195 289 64 247 134 215
9 293 289 2 219 176 26 72 211 180
10 21 27 188 6 181 12 46 177 193 180
6 215 297 238 112 175 86
8 64 249 5 141 33 176 106 182
7 156 217 81 242 169 53 220
8 158 102 201 59 66 131 215 34
11 17 127 15 81 182 184 119 43 149 109 198
9 36 294 62 236 47 225 125 121 103
19 277 253 200 176 247 2 116 59 97 74 221 215 238 168 103 146 37 250 131
8 283 135 113 81 280 189 75 185
10 131 243 203 263 170 198 46 192 177 87
12 134 159 125 273 219 28 203 298 289 208 300 139
7 172 69 196 72 162 14 234
9 108 264 103 187 131 112 91 73 81
9 175 49 227 62 20 66 206 114 64
8 58 215 135 27 184 96 116 272
11 240 226 213 143 256 242 74 203 192 191 227
8 81 75 85 76 157 71 199 218
7 68 255 176 178 234 169 249
7 272 227 65 131 25 126 79
5 141 230 19 294 260
10 247 18 183 4 280 166 258 79 207 78
7 183 19 169 280 3 120 286
10 125 132 5 246 236 15 233 75 230 101
9 44 289 192 98 145 293 159 194 9
5 207 86 249 172 269
12 174 275 61 79 74 221 168 216 76 7 297 124
10 30 130 203 87 200 214 226 254 238 199
8 138 211 276 87 229 203 121 165
14 282 184 46 227 72 239 98 32 269 117 44 129 211 67
9 217 1 112 240 108 294 259 274 18
9 72 281 138 275 269 157 217 89 106
10 187 64 273 2 252 281 227 66 183 104
19 231 137 131 29 40 70 147 270 84 200 110 210 100 237 255 143 139 51 214
9 188 13 153 52 24 182 4 130 16
8 129 152 63 161 187 22 95 258
4 52 162 285 119
8 43 79 139 199 233 82 174 75
7 184 300 289 160 149 293 133
13 128 263 174 175 127 17 221 88 250 105 123 25 82
10 163 187 150 79 11 70 158 35 27 299
9 251 282 298 212 75 252 157 54 32
9 281 283 57 115 247 291 193 70 209
11 292 17 79 13 257 172 285 131 216 125 209
7 241 279 289 228 181 67 153
10 17 268 54 199 107 185 45 8 299 43
10 203 32 208 161 14 17 205 166 283 296
5 194 275 215 24 97
7 195 214 282 299 79 39 15
15 230 146 281 41 100 88 117 145 32 22 239 218 66 210 95
6 256 245 104 65 69 271
7 244 165 273 96 198 241 253
13 179 42 146 160 138 10 258 80 65 158 100 154 62
16 24 96 97 263 184 173 243 35 295 187 14 208 182 193 139 211
9 107 277 256 135 51 190 280 124 218
10 140 105 277 225 69 97 238 81 178 116
10 145 189 78 295 165 93 127 52 226 13
9 232 206 12 33 262 37 178 131 21
6 295 141 55 147 152 215
13 39 227 207 16 103 147 48 32 169 228 50 22 206
10 22 67 199 44 5 206 215 34 144 169
10 97 296 233 139 137 272 199 89 238 118
4 11 160 236 13
8 38 276 282 6 114 119 171 166
6 20 249 102 97 147 105
11 81 151 103 180 115 204 218 250 160 191 11
8 69 30 269 76 96 296 217 157
5 211 261 208 9 66
11 236 125 235 158 54 97 249 190 286 42 38
10 55 140 81 13 162 107 158 226 196 67
8 264 167 48 76 166 68 263 296
10 202 256 282 233 120 23 72 245 292 192
9 249 83 190 65 270 39 244 41 189
5 21 253 192 105 224
5 53 243 128 15 143
4 29 118 177 52
12 127 5 174 84 153 283 99 82 63 105 16 265
6 112 15 82 2 273 239
9 8 17 167 83 284 287 85 108 179
5 219 277 100 258 283
10 119 93 131 245 91 150 256 285 59 81
6 11 118 71 78 238 295
6 57 201 256 264 276 7
11 205 112 8 40 21 83 119 47 59 67 115
8 46 62 124 235 199 254 133 281
8 75 151 276 39 91 252 234 140
8 292 198 92 252 257 85 166 271
7 226 34 65 210 292 216 206
11 235 42 41 272 229 44 47 15 59 222 28
8 91 87 277 112 135 287 259 209
14 277 21 224 202 269 145 122 230 38 103 138 179 164 142
9 26 33 295 232 8 265 205 299 224
12 110 269 65 250 30 197 96 7 44 52 19 81
8 187 193 132 300 79 135 217 58
4 111 194 151 135
12 226 75 282 234 258 185 85 201 182 181 119 108
8 126 144 242 231 131 235 291 113
11 273 96 234 164 23 33 256 114 92 244 10
6 256 41 123 175 192 284
10 102 251 249 103 119 269 4 88 288 262
15 221 14 85 67 190 39 265 245 215 123 21 131 227 284 206
4 65 243 275 119
8 20 245 160 49 272 5 29 156
12 25 93 42 222 35 228 258 280 63 225 124 107
5 118 217 247 23 13
10 73 36 130 114 180 176 110 56 194 239
12 105 2 283 40 64 166 234 13 30 130 226 122
9 226 81 131 197 139 108 155 5 165
7 153 272 172 208 22 108 162
11 101 125 26 198 71 2 221 75 99 261 120
6 1 96 190 250 104 118
6 59 166 253 220 206 42
10 217 254 97 24 146 153 104 21 176 113
10 41 86 276 5 214 174 132 93 118 246
10 204 186 289 192 218 230 232 52 37 4
9 54 26 297 146 171 183 177 97 197
8 19 280 27 94 264 63 184 266
8 21 57 254 178 59 56 271 35
8 19 195 9 33 27 223 110 22
9 123 36 122 267 69 20 7 79 6
10 31 120 125 59 210 37 171 57 196 155
6 138 47 93 139 70 36
7 232 26 179 91 213 294 73
10 131 255 48 24 261 107 191 86 185 45
5 10 281 39 126 58
6 94 201 149 126 32 85
7 237 154 133 274 80 266 38
6 179 123 210 160 89 157
11 191 230 277 209 218 300 141 138 20 49 92
6 287 25 115 181 84 237
5 206 252 174 127 233
11 54 132 76 224 262 139 93 120 264 225 94
7 21 128 158 100 203 31 169
8 234 194 140 198 240 10 33 37
9 166 276 30 67 124 51 98 99 282
14 109 32 114 160 202 168 247 47 290 293 151 125 285 190
4 217 53 174 180
10 106 90 110 48 32 220 276 100 198 119
14 232 51 91 28 274 32 105 69 49 124 153 135 27 76
9 208 179 265 210 36 45 73 5 227
6 281 116 215 218 252 299
5 56 243 167 23 257
8 148 276 16 173 1 257 83 277
7 76 77 101 220 156 247 265
6 256 71 287 86 180 190
10 221 101 173 16 122 274 111 171 269 159
7 112 265 166 106 271 78 164
9 49 130 239 37 110 241 90 264 199
5 162 93 277 195 259
13 257 240 142 62 126 94 244 31 78 286 192 50 156
10 13 170 125 101 127 185 232 240 151 249
5 243 244 146 281 80
9 4 202 86 167 273 141 65 172 21
9 8 94 37 268 168 30 179 152 7
5 32 241 244 228 79
8 160 212 266 82 99 198 133 227
4 48 132 164 127
8 236 135 156 79 108 176 138 149
12 228 177 220 130 247 34 202 206 208 95 171 37
13 103 101 119 279 18 164 211 51 16 28 84 39 133
10 124 53 108 79 182 295 153 103 152 87
10 179 12 192 254 227 149 243 166 251 157
8 215 89 169 182 240 270 238 91
7 84 144 13 291 214 39 175
10 198 16 74 145 104 248 180 139 265 91
9 38 65 127 132 149 298 204 171 98
11 215 47 212 143 138 268 26 290 244 67 110
9 95 106 118 105 37 90 97 142 188
8 120 144 199 92 127 262 295 197
12 207 50 126 97 226 206 169 58 13 257 245 147
6 40 12 87 194 46 192
9 36 178 119 248 110 13 276 75 224
9 132 274 135 94 232 86 289 152 14
13 95 197 44 165 79 35 17 113 96 160 34 135 76
7 97 112 206 154 131 49 225
8 233 14 83 203 53 268 237 226
7 22 170 102 129 223 192 146
11 194 113 125 62 115 283 28 219 14 93 199
7 163 187 113 270 26 9 165
12 266 256 121 265 152 239 216 261 117 174 282 124
6 14 109 260 155 291 225
9 67 282 103 232 222 51 100 225 210
12 251 54 218 121 179 60 252 23 273 276 130 264
6 165 9 275 61 197 65
9 242 232 209 298 24 270 289 156 182
12 146 13 184 84 81 44 58 173 129 160 89 33
8 161 217 193 202 111 142 64 91
11 7 235 38 270 168 271 237 196 85 277 255
13 62 13 287 297 16 91 192 291 50 241 294 253 221
7 255 216 95 133 3 212 166
4 45 284 216 193
10 284 54 32 69 136 2 167 207 241 176
5 104 96 2 74 246
10 174 300 281 45 186 13 15 219 49 285
10 286 154 91 176 164 104 231 13 21 294
8 160 121 151 156 80 208 104 246
7 176 35 243 264 33 41 101
7 214 59 232 14 145 25 116
11 296 154 162 28 102 144 157 221 131 168 82
6 176 92 96 48 102 141
7 205 15 35 216 40 172 220
8 115 236 294 108 57 154 230 18
11 283 285 61 127 196 221 16 198 224 249 268
6 285 3 136 33 111 8
10 79 7 228 187 248 61 111 15 198 45
8 122 187 34 125 8 212 57 21
7 123 16 62 114 263 227 22
11 201 226 49 81 128 202 41 187 178 227 61
8 158 241 279 91 79 239 195 23
16 295 196 72 280 237 23 284 25 206 41 252 21 222 262 290 52
9 132 272 18 107 53 256 6 285 11
5 108 59 205 153 11
11 205 123 36 10 3 100 156 64 216 32 225
9 280 271 188 223 165 19 27 38 156
10 99 261 174 29 163 165 156 25 130 204
16 99 104 38 219 299 183 242 288 124 26 89 166 150 216 268 223
12 257 114 295 115 173 172 258 267 29 211 12 97
4 229 201 119 103
4 268 134 273 66
10 97 15 152 276 131 69 228 62 270 176
8 229 4 295 289 118 233 182 166
11 50 202 224 49 158 276 116 157 130 256 215
12 39 249 169 7 290 177 229 196 71 156 117 16
13 49 255 245 187 278 117 284 250 91 176 106 183 12
10 269 66 289 91 16 98 2 79 148 294
8 262 118 46 41 177 67 62 126
14 79 290 152 205 76 113 91 189 248 278 142 96 25 170
9 60 4 230 58 266 152 1 57 23
7 74 194 123 271 278 4 87
12 9 122 5 133 13 294 234 267 110 178 299 100
18 173 28 208 170 122 232 206 43 162 37 167 147 148 212 186 280 81 192
8 50 7 180 276 224 268 34 262
5 168 212 296 58 270
7 40 161 208 22 113 274 268
4 159 260 294 225
6 54 6 28 239 276 17
10 246 34 14 91 76 2 67 47 158 241
10 267 92 193 56 28 147 113 80 231 29
10 60 53 59 83 270 204 74 237 212 207
10 256 130 89 217 139 46 111 103 174 203
12 251 68 112 25 147 294 77 264 15 252 208 125
10 162 100 212 179 265 234 142 11 42 283
8 181 69 295 96 128 209 40 147
6 101 95 35 234 163 253
8 191 220 195 129 83 239 27 73
12 180 266 224 222 182 17 236 297 239 230 96 75
12 64 114 263 286 79 256 84 216 220 82 249 164
10 67 17 106 136 300 160 57 170 270 280
9 38 218 52 264 217 15 94 63 116
10 292 17 282 7 27 65 144 178 116 49
9 179 89 279 219 100 82 183 92 91
10 70 39 188 16 165 261 280 10 87 168
6 248 228 148 220 239 42
7 196 151 84 3 203 234 281
9 22 155 108 257 210 151 80 84 195
8 293 244 210 49 82 294 124 27
5 45 290 66 6 69
6 270 269 98 6 133 252
10 233 299 1 190 143 222 171 202 92 200
12 112 2 109 115 178 7 118 101 104 92 122 164
7 51 226 271 11 191 15 72
6 273 100 73 56 291 98
7 17 221 181 113 248 253 202
6 130 241 58 288 99 167
10 281 263 176 199 68 13 261 129 179 239
12 179 58 32 292 117 95 158 46 85 249 90 89
7 2 144 60 96 74 221 38
5 244 299 43 248 258
7 55 90 53 124 290 91 230
7 80 15 44 272 198 141 100
7 237 189 66 205 251 248 163
4 283 205 50 236
10 152 121 26 254 130 274 205 129 18 226
13 44 69 199 126 120 151 140 173 193 182 187 40 33
8 52 92 36 119 29 213 257 63
8 232 155 33 250 79 260 54 256
6 111 48 125 87 135 76
11 86 55 25 281 53 260 44 163 33 146 48
10 269 266 194 169 63 241 283 277 39 105
14 157 300 222 277 238 213 165 258 94 197 110 118 122 172
8 32 275 276 143 109 64 283 22
8 18 208 216 182 126 247 4 222
12 131 145 213 146 172 255 163 76 171 155 81 212
13 240 6 7 143 135 233 140 187 17 166 160 94 195
11 94 73 196 182 58 130 286 27 248 255 222
11 151 287 113 223 143 264 228 164 10 4 225
11 87 152 2 222 219 296 116 123 247 263 16
7 203 293 12 152 180 133 102
11 246 11 186 105 298 160 85 225 107 129 50
11 168 57 265 101 276 250 292 24 275 286 108
15 61 248 222 34 225 180 294 102 69 33 88 121 132 181 228
6 31 241 218 40 61 53
9 1 139 154 123 24 188 297 60 217
6 36 102 268 251 290 30
9 125 48 107 84 150 179 201 45 10
10 195 110 266 55 30 281 274 198 141 218
10 296 223 185 251 298 47 39 250 99 235
11 252 297 273 163 235 46 240 70 118 2 12
9 150 142 166 136 126 20 42 105 287
6 53 273 62 67 277 40
11 291 236 211 89 80 19 261 253 53 68 46
4 255 176 144 136
8 142 191 189 198 137 185 223 279
9 217 223 233 186 1 134 176 29 105
7 10 129 300 266 49 125 33
14 209 190 216 69 263 175 87 8 118 61 217 126 237 238
9 25 13 144 178 62 179 55 212 276
12 189 238 276 54 102 56 168 224 162 294 291 248
12 68 199 20 211 58 258 13 298 114 99 88 94
7 152 29 4 27 220 149 45
6 281 61 89 22 153 113
11 188 145 245 8 89 91 281 87 129 262 235
5 125 121 206 74 84
6 158 266 82 191 200 243
11 110 190 291 154 3 267 7 295 219 114 132
11 185 184 128 290 141 3 88 248 244 291 221
8 5 85 65 199 219 235 227 132
12 216 177 229 78 145 5 135 86 161 141 162 54
11 95 85 130 170 61 270 171 103 291 219 134
11 81 183 96 66 258 159 124 109 213 110 187
14 51 77 49 20 52 291 22 280 218 254 298 164 251 195
12 134 55 109 94 71 190 280 73 42 162 122 150
10 111 118 112 230 167 150 125 114 52 139
10 128 17 190 169 25 196 92 215 219 192
9 91 207 149 109 83 138 70 151 289
17 68 27 293 130 167 15 16 203 194 64 193 46 170 139 199 119 76
7 300 194 48 80 16 42 195
6 2 233 52 190 181 8
11 100 189 179 193 47 40 102 65 240 123 275
11 300 277 8 201 21 158 170 298 274 116 288
8 2 91 174 279 261 219 291 270
10 5 201 38 218 295 70 269 78 154 205
8 142 151 84 45 72 259 27 47
6 231 253 126 225 227 184
15 22 185 289 257 83 284 38 4 29 223 135 189 53 127 260
12 288 241 232 199 251 109 91 171 63 177 190 54
7 48 6 111 200 164 34 2
4 252 172 234 42
10 229 5 252 134 64 76 296 24 288 109
6 14 130 101 272 218 44
11 159 157 261 239 113 206 72 188 282 1 83
13 284 173 184 48 188 291 140 36 185 51 92 69 70
10 12 169 241 233 219 81 251 175 279 210
10 180 115 250 2 46 219 126 155 58 211
6 95 219 192 64 246 39
4 290 125 52 214
7 217 187 109 100 120 149 8
12 103 116 279 246 171 221 170 196 112 125 62 149
4 165 29 287 114
10 187 93 259 19 3 90 169 106 178 227
11 240 252 137 83 176 104 96 188 153 13 257
13 296 11 124 137 160 44 6 34 297 188 81 24 260
6 278 286 117 193 154 36
6 125 181 14 238 150 29
16 16 270 14 173 205 248 62 35 129 19 13 101 9 265 156 146
4 218 123 44 173
15 137 202 139 24 77 238 28 181 224 176 198 109 244 14 280
6 114 81 30 257 106 133
10 116 12 272 30 149 227 11 17 66 126
12 133 50 222 151 292 116 159 185 153 97 54 109
8 235 48 150 212 21 36 56 252
4 42 140 73 101
13 219 132 11 13 131 187 68 280 72 151 290 279 70
9 171 249 227 36 160 291 247 21 76
8 285 15 115 123 21 19 206 215
4 110 179 77 52
7 102 104 78 151 271 261 190
11 190 243 239 62 297 73 277 295 170 279 108
13 280 112 150 81 54 148 281 101 89 96 79 50 29
10 28 274 268 70 20 180 39 43 29 174
5 67 123 247 201 111
7 217 258 92 100 47 28 300
4 188 5 82 168
9 91 81 144 182 135 108 169 156 69
9 37 211 8 86 147 165 177 130 93
9 226 85 209 108 217 268 240 247 178
9 123 240 155 291 228 222 157 201 78
4 179 43 291 28
12 9 231 100 67 269 82 185 253 279 127 216 213
8 179 218 156 189 139 255 115 119
8 163 215 266 300 143 121 152 290
9 244 141 184 246 142 291 26 238 241
13 285 21 300 70 189 106 229 139 214 8 149 236 75
8 187 205 159 63 262 188 11 259
8 67 291 157 8 53 127 62 282
4 199 220 80 202
14 12 82 238 77 244 139 237 131 177 149 1 127 222 66
4 128 81 169 51
12 49 109 85 135 152 22 298 175 246 271 267 203
7 193 100 99 105 283 85 127
8 254 294 231 299 181 287 18 123
10 220 53 91 94 206 168 124 156 113 190
10 28 241 140 139 205 221 224 12 64 293
9 137 57 69 291 197 189 196 31 258
8 209 277 128 27 54 103 136 229
7 102 248 69 171 289 105 125
12 296 240 199 93 197 299 190 285 11 289 298 251
9 293 221 30 111 151 250 249 63 173
7 206 212 105 81 137 200 252
9 42 59 46 278 19 207 139 234 258
4 117 19 125 264
7 296 148 234 269 11 183 78
8 264 180 283 237 234 108 134 51
9 27 158 76 104 230 288 263 215 144
7 131 54 227 221 94 194 139
10 132 131 176 282 137 128 18 261 206 285
8 119 174 298 223 163 243 32 295
7 210 153 68 140 160 151 61
10 200 110 232 205 233 137 20 44 193 49
6 140 248 295 83 243 80
9 97 217 178 71 125 194 85 201 289
17 192 46 285 19 101 188 283 299 150 22 109 8 66 262 21 111 97
6 112 221 175 75 174 74
8 130 104 155 31 180 6 125 116
5 27 221 111 19 28
7 202 282 75 59 97 144 61
11 281 241 18 186 209 114 156 266 259 103 124
5 73 155 264 100 17
9 281 196 209 86 214 110 62 204 205
6 151 174 95 64 73 29
12 49 239 187 4 22 256 218 95 174 283 238 259
10 270 243 99 153 278 72 190 120 123 116
5 100 143 239 203 232
8 267 255 87 298 140 28 213 118
10 271 178 240 252 34 211 249 157 110 54
12 215 79 300 143 226 206 193 47 295 276 123 155
13 261 230 299 249 2 44 100 282 244 144 128 222 7
8 256 224 265 87 286 57 274 70
14 16 70 191 170 278 7 202 42 188 290 152 265 280 47
10 86 90 128 126 172 192 266 92 178 104
10 111 89 200 163 154 173 1 83 238 272
11 140 186 108 214 300 296 73 230 195 82 6
5 100 234 173 241 21
7 239 172 261 45 249 15 87
11 278 249 159 101 21 239 168 151 286 178 232
8 81 266 126 186 45 199 157 99
8 139 114 235 243 206 64 158 179
8 118 10 284 70 173 214 154 179
9 273 16 115 163 40 20 193 73 208
9 65 194 109 86 135 209 124 196 9
10 109 14 291 242 186 203 116 190 104 158
9 83 186 32 224 141 69 14 226 28
7 297 221 98 229 101 31 150
8 281 266 238 103 152 123 115 201
9 228 275 112 44 286 98 109 167 17
14 173 197 82 190 185 209 113 232 156 217 236 42 208 36
4 80 113 152 235
8 40 116 8 78 276 174 260 193
16 225 187 170 254 193 112 267 8 67 289 300 118 168 269 195 12
12 256 4 190 114 284 242 210 49 33 67 194 14
9 35 7 199 219 224 20 172 30 259
9 229 181 183 155 200 137 235 32 29
11 22 257 62 288 269 200 235 149 184 86 107
5 90 113 285 108 102
8 26 245 29 62 6 199 300 87
7 204 229 65 123 34 18 237
4 45 267 244 59
11 167 174 53 222 285 270 48 119 220 96 28
8 214 1 99 142 173 51 161 76
11 5 105 219 43 154 130 133 190 92 59 274
7 262 287 236 229 177 224 62
4 90 275 99 258
10 193 145 113 227 257 265 280 184 258 274
6 189 197 272 6 149 164
11 287 137 257 70 55 201 125 34 25 258 298
6 45 170 257 17 252 218
9 225 224 75 139 39 147 32 192 229
8 147 196 61 188 253 214 194 69
9 114 230 274 99 150 91 103 168 201
10 102 19 138 22 281 152 150 171 57 76
10 237 148 33 232 37 70 68 169 210 114
7 113 167 61 155 156 143 198
11 28 245 250 212 21 125 40 70 179 181 267
8 273 37 271 99 86 25 187 50
8 203 106 186 233 280 131 251 278
10 38 244 233 210 20 12 205 14 278 97
8 78 208 291 259 261 147 157 92
7 240 55 178 57 172 127 157
8 293 41 261 171 89 162 29 83
10 136 297 80 36 244 141 180 262 14 88
8 116 43 46 1 81 185 289 196
8 123 208 273 274 122 25 164 224
12 58 105 177 15 134 257 22 95 54 269 267 166
4 64 12 178 11
7 80 70 211 35 149 144 192
6 60 57 244 79 144 49
13 155 53 96 128 168 245 66 161 40 58 222 159 234
10 55 136 61 121 58 293 72 134 183 39
10 262 159 144 43 15 244 215 109 18 245
7 140 200 142 224 28 38 114
8 145 238 232 298 277 16 48 221
11 86 106 99 203 172 121 278 12 26 2 17
5 2 200 105 300 177
6 9 214 80 139 27 134
7 157 54 10 263 188 239 20
4 212 216 83 10
14 140 199 229 158 27 114 238 160 80 169 62 202 55 234
8 275 157 39 150 70 5 216 38
7 122 249 286 177 209 60 225
11 67 293 205 47 262 26 201 9 278 270 163
11 251 95 295 31 64 142 236 225 38 188 249
11 5 161 85 180 150 11 221 154 118 78 17
11 49 52 198 228 234 11 246 240 115 48 5
7 46 256 251 133 131 237 61
6 228 133 251 93 209 276
11 167 70 144 86 188 155 42 238 26 282 288
11 176 50 118 109 218 92 138 251 167 91 223
6 270 36 216 273 245 34
4 268 104 187 43
13 41 81 283 35 38 216 188 27 30 148 253 63 222
9 290 44 243 78 57 14 162 46 272
5 42 127 96 256 204
13 165 275 239 130 221 269 20 99 39 288 229 58 167
9 60 30 203 212 3 248 95 287 284
13 41 224 276 53 72 180 139 135 105 79 281 257 236
5 184 245 50 67 81
10 142 114 294 122 28 272 229 1 29 188
8 278 261 133 166 40 232 159 77
7 191 70 75 17 35 251 80
13 121 20 2 215 225 10 89 32 217 300 104 241 250
10 232 19 51 260 287 102 3 54 22 23
9 231 151 36 277 196 259 274 30 243
11 181 5 121 257 73 295 38 105 233 135 284
4 191 181 203 155
7 230 14 149 201 99 218 191
6 62 273 50 257 196 139
11 204 297 166 86 92 240 270 199 82 41 294
11 162 144 61 108 299 17 240 239 11 136 43
8 108 88 174 38 68 255 152 131
8 240 110 48 235 255 271 173 248
10 85 177 16 55 253 247 34 61 258 269
8 257 137 97 84 4 142 288 32
10 97 296 103 128 91 290 110 299 219 237
7 17 167 202 60 153 160 220
9 269 126 23 41 181 147 284 206 185
5 240 3 94 200 264
8 288 96 9 27 258 189 109 222
5 116 32 137 243 139
13 184 276 248 176 265 255 138 71 278 132 272 11 148
14 118 92 285 94 294 83 13 275 175 100 176 154 53 167
10 284 62 8 214 50 250 69 41 90 248
7 173 139 102 129 238 252 233
8 160 201 181 211 76 182 187 89
6 211 44 270 59 200 68
12 261 102 128 52 57 198 120 9 270 33 152 49
7 75 82 278 88 263 92 66
15 296 91 283 33 5 262 183 148 15 219 260 60 268 59 105
10 89 282 116 88 124 76 210 147 26 82
10 247 105 73 222 175 266 196 119 257 215
10 41 113 270 236 100 220 172 53 235 291
9 273 187 114 268 138 233 298 101 108
8 191 168 155 286 125 207 213 253
4 298 139 5 147
10 67 265 99 196 55 279 221 227 57 76
6 235 226 197 156 79 21
10 117 118 134 289 51 64 224 145 2 180
5 26 208 265 199 300
6 147 70 138 48 18 207
12 130 97 47 112 249 140 256 41 13 238 276 161
6 206 101 104 89 236 255
12 96 158 3 58 236 14 18 12 254 1 273 229
10 62 69 219 75 105 56 213 166 50 269
11 78 110 115 285 92 22 245 267 277 204 103
8 34 27 153 2 287 215 138 294
12 146 35 267 133 42 238 240 80 271 244 273 218
6 100 29 175 212 105 4
4 53 97 166 113
10 80 106 159 143 273 284 95 205 203 10
10 291 256 271 73 226 145 58 237 110 176
6 85 127 81 270 73 190
7 214 173 186 255 277 119 189
4 241 44 77 80
9 20 3 12 225 213 188 208 85 100
7 9 180 110 295 135 33 277
11 76 251 111 166 138 46 224 74 28 225 1
8 37 147 190 167 130 59 259 187
7 294 202 89 79 103 118 126
14 116 195 267 289 187 286 5 135 126 62 288 132 136 25
13 264 123 95 174 69 259 214 76 212 236 238 185 155
13 241 226 189 173 12 138 261 43 287 165 233 262 284
5 50 154 198 147 185
4 73 10 193 55
8 20 194 2 35 235 279 192 22
4 169 91 184 109
6 209 88 190 26 293 249
12 194 52 199 46 71 174 293 7 75 116 49 18
8 225 282 109 260 250 1 230 103
8 234 168 27 130 7 267 299 56
8 43 292 122 83 28 80 228 40
5 254 55 108 144 40
13 104 10 249 27 59 87 35 208 276 152 34 117 115
9 274 163 264 8 77 86 180 78 6
6 232 271 180 80 281 102
8 276 171 217 270 203 234 19 290
14 74 131 69 73 225 267 186 237 193 63 273 297 18 228
4 271 90 144 197
9 300 235 88 73 24 179 152 223 177
8 83 113 161 25 55 213 180 291
5 208 191 49 161 159
10 282 140 60 163 212 141 208 76 185 195
8 262 181 87 300 274 5 126 111
9 155 270 279 69 193 204 41 30 236
8 16 295 83 195 282 111 288 35
8 79 19 207 295 247 143 17 242
4 218 61 258 112
12 140 159 131 128 297 176 183 7 62 85 285 35
7 177 193 126 95 284 141 17
4 123 225 136 109
5 38 75 16 58 280
15 62 75 26 242 177 285 71 36 160 178 11 158 220 162 156
8 79 142 112 188 220 267 240 88
8 107 291 272 179 222 127 200 89
12 276 255 257 161 201 285 184 222 29 24 242 68
9 85 47 271 45 269 254 124 178 187
8 169 298 244 248 283 171 191 118
8 144 226 232 139 81 111 274 224
5 84 140 7 104 119
9 47 204 98 202 180 223 226 86 160
12 202 245 156 139 147 296 268 126 205 98 166 94
9 90 178 263 95 270 206 258 208 181
6 133 5 127 199 195 119
7 264 95 90 242 71 206 289
14 187 90 176 216 278 11 135 32 193 98 86 146 72 192
7 264 31 257 112 182 125 277
5 87 171 265 154 293
9 86 176 8 222 195 142 289 217 13
16 197 173 211 147 149 53 13 42 105 22 48 10 290 178 267 30
11 139 275 167 76 269 61 278 225 232 228 259
14 42 93 286 267 14 218 90 121 68 35 155 117 291 87
10 134 100 243 121 263 180 189 91 249 272
11 165 69 119 204 148 174 271 172 79 263 268
9 21 256 143 220 44 95 257 76 245
6 226 63 44 153 168 160
5 87 134 64 95 149
10 265 122 165 153 142 170 80 6 297 23
4 46 113 288 280
9 277 143 42 137 199 282 202 55 28
7 292 74 49 223 38 119 61
10 97 141 259 248 54 52 143 224 125 74
8 300 228 146 2 192 131 55 30
12 173 264 80 23 112 3 18 255 56 124 260 125
5 74 66 235 232 56
10 64 89 276 210 60 256 198 26 118 157
7 300 79 136 220 55 52 225
6 25 30 166 48 192 242
8 225 72 196 133 275 100 260 96
6 65 83 296 146 132 255
6 243 46 125 239 47 151
8 226 197 104 186 32 153 163 17
6 155 136 79 141 215 91
9 257 183 220 113 28 33 14 228 19
9 112 28 239 199 133 130 228 215 208
9 15 266 140 120 273 186 11 121 50
10 100 168 87 284 255 212 130 123 189 101
11 87 265 29 154 134 296 44 292 277 25 273
4 77 106 159 299
11 34 114 223 274 241 36 128 206 273 130 21
16 72 238 223 220 100 21 125 4 51 286 281 126 249 153 37 117
4 91 6 113 5
4 279 124 112 23
13 163 120 39 267 90 157 251 252 66 254 161 41 190
8 28 152 173 118 217 218 58 9
9 115 136 16 200 193 173 117 242 210
11 73 149 291 57 286 78 135 44 260 75 225
11 290 55 139 38 211 60 149 133 112 220 298
11 209 284 266 53 79 17 253 10 92 78 14
11 158 217 91 116 229 97 41 11 113 292 111
15 166 233 255 187 274 120 176 140 236 145 160 249 229 252 20
9 85 65 269 22 290 66 59 205 133
7 87 32 243 42 269 165 281
11 196 28 23 290 67 35 174 268 180 94 169
12 11 55 290 263 183 289 265 162 293 144 75 114
12 67 5 232 94 268 131 96 202 176 162 13 74
10 230 64 178 100 31 85 140 43 70 87
14 281 85 141 210 108 163 52 195 279 239 236 131 264 189
18 298 174 10 171 218 125 84 209 94 27 43 173 214 187 224 159 24 73
10 175 7 230 252 180 48 296 80 236 96
9 200 37 32 190 101 17 178 99 90
9 172 23 281 12 208 81 14 175 279
9 110 284 187 52 102 274 214 219 106
8 40 184 97 23 236 193 218 192
9 16 163 219 124 134 268 73 78 230
9 93 94 296 230 41 8 131 266 39
9 172 251 203 115 287 10 250 61 282
10 295 215 159 122 84 62 199 41 216 48
13 122 161 90 234 39 134 47 194 200 203 241 213 176
8 300 246 57 34 64 55 146 103
9 218 116 201 137 27 191 170 22 118
11 26 191 152 277 43 93 36 179 70 132 14
13 295 27 158 204 300 191 6 76 211 45 95 59 196
8 104 61 139 69 103 298 179 141
7 155 55 199 95 100 114 265
8 270 242 221 183 81 11 2 99
9 276 207 262 117 59 247 138 20 233
7 171 134 165 19 230 265 112
13 286 35 154 73 165 111 6 189 100 105 187 83 10
6 11 83 198 207 194 263
7 214 5 117 162 94 140 200
6 165 280 139 6 176 106
9 2 119 52 260 42 154 21 227 29
8 96 22 79 13 221 154 115 212
11 179 199 196 111 193 278 156 213 100 27 209
9 84 8 269 47 147 262 232 182 177
4 298 185 292 262
12 285 67 104 36 41 157 249 76 202 81 203 257
15 86 68 8 249 212 280 221 36 216 98 58 163 124 297 189
14 130 242 81 273 215 93 253 290 182 43 116 146 220 70
7 83 123 188 288 90 140 199
8 267 127 178 247 57 191 64 263
7 72 35 150 245 144 39 169
15 126 73 102 246 255 144 58 27 36 3 280 220 114 173 294
9 274 286 111 236 53 40 43 82 188
8 255 227 277 183 166 90 172 13
12 16 216 146 218 57 78 51 5 206 59 177 185
11 282 239 108 31 295 184 217 131 238 28 250
5 83 172 13 32 44
8 205 86 61 110 120 227 161 166
14 290 28 213 280 276 296 156 253 54 162 232 110 13 190
10 265 221 64 168 300 199 252 169 15 227
11 293 157 297 271 132 233 201 234 231 220 5
7 280 221 194 135 64 2 261
13 155 53 137 238 268 59 253 271 279 220 130 187 296
11 242 273 105 38 247 230 294 207 159 196 219
12 144 9 127 149 114 12 137 285 228 291 203 54
4 164 204 251 140
15 157 128 34 91 238 276 298 169 14 170 230 90 186 184 249
6 168 27 135 172 143 276
9 175 151 196 176 2 76 243 203 274
10 253 41 65 161 144 210 247 220 262 179
17 122 185 64 113 164 268 264 162 107 102 287 70 30 84 59 187 176
9 113 213 81 267 129 169 290 238 103
8 60 62 134 254 224 228 21 96
7 135 42 44 246 33 210 194
9 116 177 128 3 203 221 271 6 148
6 25 244 286 10 295 255
11 173 47 56 188 168 167 19 174 41 293 3
12 142 269 193 159 15 197 127 123 220 182 146 71
7 6 187 272 49 167 98 70
8 39 112 236 132 50 100 40 48
14 32 71 23 216 186 46 101 209 72 157 178 173 268 41
8 232 287 295 298 33 127 248 136
10 148 176 49 32 199 59 189 104 151 7
6 19 260 157 192 168 36
15 143 15 125 194 236 2 134 19 49 167 232 221 239 52 191
8 148 260 170 232 6 289 275 109
11 143 125 101 81 116 294 220 256 155 230 266
5 182 130 189 38 124
12 156 291 140 133 81 199 57 263 258 255 278 217
8 287 238 102 16 176 293 41 218
10 91 284 76 178 200 41 283 243 260 45
7 118 185 92 260 298 62 173
7 210 178 211 297 33 5 267
8 274 115 135 54 259 221 107 10
8 133 7 214 284 207 100 33 246
9 214 27 254 294 226 141 104 248 100
13 222 43 39 29 76 126 67 121 269 138 66 86 81
11 138 215 235 299 200 58 206 121 37 270 249
15 207 156 144 139 67 64 108 218 55 211 112 1 292 184 212
12 102 207 276 218 193 67 16 270 131 289 58 84
12 211 169 15 59 135 131 37 214 27 287 275 195
8 219 215 23 123 205 196 65 235
14 63 83 61 86 170 190 257 106 185 49 124 166 34 89
6 266 129 286 20 140 95
15 258 26 190 140 271 51 263 252 1 131 37 241 125 206 20
10 272 123 76 138 71 149 206 92 90 292
8 113 241 248 41 163 161 294 238
11 182 66 6 41 284 229 141 238 2 262 74
7 40 171 163 2 133 64 137
9 299 214 37 110 124 238 159 14 212
4 239 96 263 214
4 37 183 63 10
5 236 221 92 170 290
7 33 54 27 177 31 280 146
18 52 289 238 56 213 198 112 211 256 16 180 87 277 74 151 11 39 36
6 165 93 129 95 223 166
10 259 145 53 214 154 191 138 108 43 273
13 46 212 285 127 118 296 101 288 167 255 22 279 109
7 223 257 160 74 16 75 100
10 295 80 281 136 70 287 36 127 48 118
7 230 71 31 78 64 159 59
6 54 26 59 27 238 251
6 230 284 55 296 253 213
4 198 151 226 104
12 26 16 15 225 22 37 250 27 276 299 167 258
10 268 7 122 191 170 63 238 32 206 177
8 61 114 274 154 93 111 291 263
7 267 277 96 237 208 225 100
9 81 68 103 20 175 194 242 255 291
7 197 135 45 101 225 270 173
9 279 110 266 4 33 124 299 237 155
6 38 231 285 127 253 283
11 82 78 107 200 223 219 31 131 142 152 272
11 73 149 23 186 130 209 179 92 258 142 116
10 170 20 95 37 225 87 201 175 262 98
7 6 56 154 133 130 222 187
5 144 135 68 56 3
13 18 129 29 196 277 207 91 233 34 4 144 246 141
9 100 113 253 106 2 156 103 283 44
6 227 152 65 29 246 231
9 163 286 76 26 41 292 295 223 59
4 150 99 38 283
5 211 104 284 109 126
6 119 165 126 252 213 42
4 29 179 243 210
6 119 267 16 103 253 298
16 271 169 226 278 231 52 4 289 1 165 160 25 193 87 156 65
12 278 148 287 13 87 62 224 144 178 123 80 99
8 212 114 297 36 12 81 267 27
9 202 112 8 212 10 74 16 216 199
7 84 104 220 300 259 57 223
7 75 43 232 174 37 48 128
8 212 158 126 269 81 151 219 236
4 211 58 127 71
7 254 133 175 74 198 247 288
9 11 139 84 115 258 15 245 153 100
4 249 239 100 32
11 141 233 55 240 27 214 35 114 31 162 125
9 30 34 265 214 180 255 82 290 187
11 36 31 131 201 267 42 3 256 111 161 290
11 114 115 226 133 236 248 33 79 234 199 66
6 4 171 44 221 34 54
11 205 59 162 229 281 164 255 29 50 199 12
6 228 198 157 14 187 209
9 265 1 217 29 76 230 88 219 134
10 233 164 285 198 208 77 149 145 170 223
8 98 133 249 37 233 229 55 132
9 171 170 271 145 173 268 139 12 59
13 61 278 141 213 159 126 161 32 223 208 55 77 237
10 215 160 98 259 106 254 157 136 118 175
7 103 149 145 299 281 203 237
12 32 150 190 56 61 75 89 86 10 114 239 212
10 243 205 149 240 211 195 61 169 221 153
6 261 8 236 71 127 171
13 101 60 153 59 104 133 184 280 222 274 187 207 31
7 101 23 171 68 106 72 54
7 215 175 7 228 146 182 132
4 44 85 218 61
5 216 246 122 204 5
9 35 64 115 42 11 10 232 57 105
8 234 74 10 260 80 132 191 181
18 233 289 120 250 155 271 19 176 201 40 102 49 299 139 242 31 180 137
12 58 295 106 234 171 179 36 148 217 279 186 26
14 146 113 235 144 161 216 106 178 242 240 1 215 107 2
4 10 240 66 236
9 241 272 19 61 107 298 237 136 41
9 269 278 88 148 228 109 8 116 66
10 198 298 233 114 244 273 132 69 103 53
8 176 279 175 167 205 266 260 194
4 143 85 119 81
8 39 187 95 57 254 287 182 137
8 32 49 249 173 277 282 209 212
11 246 171 208 264 164 300 269 130 235 291 80
6 180 279 54 200 16 284
11 268 128 193 93 281 257 200 46 63 239 61
7 72 206 138 94 211 212 109
9 59 147 244 74 7 203 284 125 224
5 110 6 190 76 168
7 32 46 39 113 81 241 149
4 119 40 52 120
11 286 4 13 204 152 113 31 33 86 17 250
4 35 191 23 218
10 138 158 180 263 86 96 258 267 226 40
5 75 117 112 159 292
7 209 63 7 168 173 166 65
13 290 206 165 257 180 109 215 1 123 130 226 46 251
9 59 76 89 24 231 276 217 275 224
7 157 136 237 193 12 23 141
8 246 170 183 294 88 4 176 143
7 217 112 26 86 106 226 84
14 168 233 106 75 238 266 274 169 245 60 155 200 281 19
12 79 183 24 142 164 171 194 228 165 113 156 207
10 293 282 297 172 126 39 128 209 250 162
9 271 147 298 18 248 285 87 152 159
11 38 81 57 239 275 15 5 265 71 89 47
6 183 62 39 123 210 270
8 236 247 258 216 156 212 176 291
10 45 54 134 30 216 281 219 233 294 172
12 18 39 121 202 300 264 219 267 97 290 140 265
13 162 278 247 112 151 108 134 275 121 124 117 66 179
8 14 15 27 294 225 69 93 75
9 148 290 257 123 126 285 25 233 245
9 229 261 138 226 60 159 59 117 39
6 91 150 297 256 152 241
4 48 2 230 209
7 62 131 273 199 54 279 257
9 49 188 111 206 32 67 115 199 119
5 294 230 277 6 43
14 226 71 197 20 277 8 13 283 82 115 114 198 171 61
12 139 213 93 231 100 202 62 243 169 244 160 96
8 148 246 103 205 20 221 157 216
9 229 272 294 146 43 237 158 235 221
8 138 77 166 69 300 42 31 99
11 258 226 34 91 260 222 99 41 160 61 32
9 24 151 171 300 247 239 117 10 4
4 92 261 208 160
11 136 33 67 198 124 200 99 126 113 95 43
10 164 202 63 100 55 245 188 241 296 20
9 142 181 122 96 177 188 121 182 92
7 226 51 178 291 195 216 279
5 19 245 277 281 249
7 94 252 210 293 67 272 63
11 280 60 281 158 130 58 187 182 246 204 127
8 233 35 286 13 266 17 100 108
9 250 117 92 240 7 114 289 238 68
7 292 174 28 24 293 288 62
7 149 151 205 37 83 168 271
7 173 175 42 86 193 237 257
12 186 300 123 23 264 296 227 79 194 154 234 40
5 174 218 51 117 151
7 128 176 278 54 156 118 104
8 36 257 173 47 297 102 51 74
10 185 268 85 72 61 163 56 10 67 264
6 30 182 257 175 246 3
6 140 112 204 232 259 23
7 90 241 180 129 284 17 79
4 63 151 252 228
10 159 208 61 127 143 225 137 160 277 251
10 267 203 109 48 117 111 133 161 195 157
8 109 160 261 191 33 105 216 62
6 139 84 77 109 241 106
4 231 274 147 57
8 232 179 138 204 130 210 134 271
8 251 197 52 94 289 56 225 132
7 113 152 78 203 194 218 291
8 116 135 142 236 76 189 240 277
8 56 209 121 150 135 131 72 92
7 290 108 226 55 12 180 239
7 178 111 88 39 77 249 2
7 190 273 153 20 43 118 8
8 130 50 236 153 112 71 245 111
6 16 171 200 191 127 297
10 149 7 232 132 50 216 179 8 77 292
11 81 98 206 173 220 96 188 257 227 8 121
9 222 275 294 300 6 10 8 185 148
6 248 130 148 256 152 198
6 44 26 277 88 84 109
9 279 103 296 118 125 192 18 295 187
11 89 245 269 262 132 283 217 188 76 19 296
7 3 141 154 83 49 46 296
10 50 35 191 25 218 77 18 75 260 209
10 27 250 194 293 159 47 14 11 124 136
5 46 217 181 271 122
10 59 3 12 236 85 259 297 234 150 230
7 72 113 7 21 128 174 275
9 62 102 180 80 115 242 125 98 218
13 193 21 86 279 280 62 217 13 11 172 1 171 96
9 97 222 234 39 6 86 106 261 262
10 220 70 138 27 177 72 213 233 109 146
13 28 137 230 46 140 85 266 118 292 229 173 297 110
7 253 191 300 47 194 42 252
10 257 223 222 205 153 69 64 249 226 25
4 31 270 264 125
14 178 89 132 106 33 85 201 43 58 230 213 150 93 99
15 226 197 160 153 192 242 175 105 206 266 177 265 127 232 15
4 147 168 28 79
9 41 186 169 183 102 257 159 197 120
9 239 161 136 277 85 41 71 230 278
4 32 203 245 31
6 89 111 57 122 265 85
8 204 34 87 164 119 276 228 223
10 162 40 3 198 228 51 250 142 260 274
12 220 228 77 276 96 212 152 83 167 201 291 109
8 254 171 92 209 76 255 178 238
6 154 151 150 183 13 238
10 5 228 124 232 63 158 157 240 122 181
8 170 141 122 80 248 177 36 19
5 180 247 196 246 103
4 35 198 17 190
16 199 272 55 36 109 125 172 296 146 4 179 295 32 99 165 135
9 32 77 57 226 190 286 31 237 65
6 87 190 18 191 12 23
7 249 213 291 189 153 85 121
12 274 179 37 25 204 294 104 161 149 193 93 268
9 104 84 106 111 183 171 189 224 219
11 133 127 140 108 181 171 91 272 159 75 230
8 15 28 299 22 65 182 1 154
9 188 293 121 165 203 299 160 83 158
9 1 28 266 170 118 289 150 271 105
6 18 85 284 152 295 146
9 84 55 10 235 4 151 137 139 198
9 265 288 154 216 71 74 72 286 35
9 268 248 187 16 276 116 234 86 244
8 76 256 161 110 243 273 42 250
6 23 111 151 76 191 227
8 261 158 182 259 68 85 151 76
15 259 221 86 149 148 11 76 203 232 172 174 231 249 38 64
10 299 141 285 214 115 221 53 209 196 180
7 182 124 134 101 48 177 28
14 192 147 48 295 233 299 273 212 263 290 272 160 123 98
6 136 122 48 72 89 18
13 18 85 197 98 204 206 300 174 281 276 105 152 111
8 15 277 189 219 218 66 31 215
8 156 269 7 290 60 56 92 42
4 112 295 226 117
10 234 26 156 170 164 78 216 76 295 126
10 267 9 24 221 66 81 226 266 136 59
15 166 286 232 92 177 85 208 110 112 150 244 36 174 135 219
11 180 198 50 244 136 28 229 101 263 235 68
13 231 105 247 63 120 143 192 173 37 253 33 197 157
7 234 130 265 180 223 17 169
9 218 153 204 233 80 135 13 11 30
13 40 207 126 227 12 64 256 62 229 48 161 235 56
5 241 297 281 195 47
5 248 138 3 281 258
8 182 49 194 5 27 66 242 46
9 141 174 261 119 14 244 197 71 64
11 296 79 82 230 154 111 10 200 78 143 45
5 48 6 223 51 287
11 84 88 205 59 261 93 63 139 227 131 148
5 49 42 9 94 201
7 112 249 21 85 118 19 243
9 164 40 58 139 243 235 45 81 151
10 293 126 34 75 2 64 191 56 99 82
11 99 29 104 98 70 90 224 204 270 31 188
4 109 120 281 77
9 296 14 254 17 104 29 15 207 227
7 40 241 113 238 76 150 103
12 257 183 146 52 24 44 242 20 88 72 102 142
13 80 102 113 8 177 38 186 133 248 161 216 290 284
8 121 94 75 272 169 192 215 45
7 55 22 131 63 182 225 226
9 10 70 184 155 284 239 195 236 186
10 269 206 131 281 287 132 264 119 110 14
14 196 50 253 242 214 73 223 35 192 143 167 98 298 23
9 208 26 21 129 135 113 275 230 159
9 123 119 55 131 208 127 289 1 154
8 33 32 246 8 160 173 157 245
7 11 106 149 197 50 71 145
9 188 259 70 53 154 30 270 93 101
12 73 158 41 228 256 227 88 235 140 34 103 300
10 132 202 76 77 54 121 32 204 151 248
6 256 63 235 228 84 20
9 59 291 206 181 249 234 252 9 208
10 116 96 128 82 180 91 133 59 231 17
11 196 8 56 174 157 125 114 233 294 248 17
4 127 299 269 53
11 77 139 55 173 178 117 11 290 140 87 269
7 4 5 157 201 210 21 81
8 109 108 162 165 57 103 101 263
4 214 196 96 247
8 261 52 98 79 138 93 164 87
11 222 180 148 89 116 95 247 153 249 191 185
9 242 189 297 105 259 73 74 287 247
9 115 231 228 220 123 66 184 215 210
10 242 128 192 230 21 74 166 97 76 114
5 34 168 174 299 240
6 61 114 32 62 65 35
7 83 59 96 70 263 21 194
4 299 140 141 4
4 60 266 106 237
8 2 222 51 114 38 223 248 243
5 122 149 253 50 43
9 115 290 101 204 31 232 46 145 23
8 134 283 247 93 146 231 28 60
12 81 231 118 194 191 202 274 241 10 250 259 119
12 58 171 163 249 16 256 199 63 30 218 107 286
9 247 198 74 271 224 53 262 228 118
8 35 119 206 44 247 254 291 173
10 71 51 113 142 133 49 211 264 226 82
6 23 115 292 196 120 173
15 145 10 9 285 168 6 32 163 180 199 270 29 160 105 20
9 234 226 219 266 261 112 249 245 238
11 44 206 136 183 177 121 51 58 153 64 174
12 125 278 223 180 214 176 233 192 114 279 17 29
6 135 156 153 85 138 299
8 249 271 64 150 299 47 194 86
10 74 94 299 109 232 227 219 156 95 146
10 136 196 195 240 15 54 17 44 123 71
9 290 134 177 187 45 287 156 230 195
11 275 193 75 44 190 244 15 111 123 170 126
6 193 134 176 194 188 214
8 263 237 88 54 242 98 245 191
5 192 112 59 131 299
13 59 53 49 135 118 51 6 164 13 36 15 238 201
7 216 279 224 151 47 108 57
12 56 5 200 41 69 136 14 101 141 125 117 35
9 16 204 35 154 41 243 211 86 18
4 257 189 219 94
13 39 191 146 187 122 239 88 200 134 288 28 129 181
14 105 2 59 188 233 87 135 169 56 182 63 33 41 185
8 239 66 224 233 34 203 82 146
9 208 2 225 13 106 19 260 150 293
10 1 118 138 154 114 122 11 217 169 27
11 97 291 228 182 279 171 286 16 244 29 173
11 191 38 162 225 160 244 7 135 64 286 272
5 128 5 210 198 288
12 160 262 297 176 51 75 13 226 217 143 222 159
7 97 210 202 245 7 286 266
8 291 45 170 3 142 35 278 34
7 201 2 146 5 235 29 32
5 100 44 82 42 193
11 154 274 186 259 177 195 298 87 170 255 61
5 154 11 184 112 298
6 238 132 251 212 205 222
6 248 35 43 50 37 145
7 280 275 285 247 178 271 64
10 88 194 4 8 100 65 10 227 157 216
6 232 227 85 216 241 300
7 187 45 29 285 280 264 93
7 176 229 43 72 203 10 69
6 98 141 105 173 297 146
9 56 182 125 262 234 171 122 60 212
7 240 156 79 216 173 56 276
9 165 127 124 34 47 164 112 264 292
10 211 74 131 228 202 91 209 125 164 245
5 272 66 119 72 166
6 286 164 181 25 142 117
7 34 3 239 137 197 90 294
15 142 298 66 238 285 80 217 178 250 130 88 233 221 75 226
5 161 111 194 58 136
14 198 162 192 152 134 154 159 242 58 61 282 60 19 140
6 125 275 260 256 127 218
9 252 6 293 124 275 66 184 160 133
7 193 121 165 22 151 134 100
15 224 257 161 149 44 138 93 118 152 185 173 284 265 123 167
7 31 293 30 124 9 274 279
10 121 234 61 14 84 93 261 272 49 159
7 157 178 249 256 87 159 45
9 185 278 34 203 293 47 206 133 99
15 299 259 56 195 20 286 160 204 230 225 17 180 57 190 235
11 299 53 244 26 128 4 63 61 223 261 226
7 244 58 176 246 273 88 216
8 101 87 152 77 138 296 283 124
11 141 225 183 37 236 71 20 76 2 278 95
5 6 187 202 72 125
7 27 90 264 140 189 57 51
6 285 153 209 125 82 146
9 249 159 184 153 228 136 271 61 203
10 30 223 24 271 165 60 235 164 85 117
6 300 168 141 262 267 4
10 125 264 145 9 55 253 214 283 161 237
8 65 135 280 258 153 220 174 210
6 172 55 122 151 295 140
15 282 161 251 69 123 179 57 165 166 254 200 147 292 168 145
7 249 196 128 221 53 121 69
7 67 285 162 64 231 90 20
7 284 209 10 172 28 125 227
9 2 192 204 261 230 59 18 76 289
10 179 253 193 133 106 254 18 200 274 142
10 1 29 238 220 43 207 17 298 297 12
4 152 215 132 106
7 108 26 202 31 73 191 29
9 259 189 288 101 88 211 155 292 177
5 300 34 184 212 103
11 15 90 278 1 83 113 199 77 109 186 189
9 11 215 244 285 103 261 159 8 211
8 141 117 30 59 136 123 23 101
8 28 4 171 208 220 64 221 274
10 22 136 279 42 103 173 168 135 158 248
13 267 227 243 112 119 225 272 174 159 135 32 261 76
11 151 295 51 237 180 188 20 207 139 194 153
10 68 138 190 79 193 247 272 75 1 95
6 279 295 22 57 210 11
7 144 11 287 113 293 272 131
9 136 83 212 77 206 85 147 49 272
4 222 15 244 28
7 37 183 174 75 255 280 72
5 15 82 274 280 44
9 214 1 292 256 271 98 275 63 121
11 30 271 161 78 22 74 11 196 130 126 295
13 283 13 293 48 43 236 296 195 52 76 192 15 271
11 207 34 6 179 54 113 1 281 49 182 211
