60 15 3
4 1 10 6 3
4 13 10 8 2
4 9 15 5 6
4 8 12 10 13
4 8 10 13 2
4 12 1 13 11
4 14 10 1 7
4 9 4 11 8
4 2 14 12 9
4 5 13 11 1
4 4 12 3 5
4 15 5 11 7
4 8 14 3 6
4 7 6 5 14
4 4 1 12 6
4 6 7 1 11
4 15 2 13 11
4 5 7 3 11
4 3 1 8 13
4 10 2 11 4
4 3 14 7 10
4 11 13 8 2
4 15 10 2 3
4 12 2 11 13
4 15 11 13 2
4 12 7 2 5
4 14 4 1 7
4 3 15 9 12
4 9 12 2 3
4 5 6 13 9
4 15 14 8 2
4 13 4 8 15
4 9 11 13 7
4 1 4 8 2
4 2 4 1 9
4 13 7 1 9
4 4 2 9 12
4 15 12 14 11
4 10 7 5 2
4 8 14 1 4
4 4 13 9 15
4 9 5 13 11
4 2 8 5 4
4 8 12 9 4
4 7 6 14 2
4 6 3 9 11
4 12 13 5 2
4 12 9 4 13
4 9 13 6 8
4 4 10 7 1
4 12 8 15 7
4 2 3 10 15
4 11 7 8 10
4 10 8 12 3
4 6 7 4 5
4 11 10 8 13
4 7 9 11 1
4 1 6 2 15
4 11 14 5 13
4 14 9 13 3
