500 100 3
6 100 90 14 26 61 73
6 38 5 6 13 45 75
7 30 24 28 9 96 1 45
10 69 32 57 47 67 60 44 85 26 94
4 3 92 79 96
8 92 15 26 86 1 3 58 41
5 98 37 65 12 57
8 34 8 19 73 38 81 72 59
5 33 68 63 71 61
8 82 3 37 65 79 6 97 59
4 14 77 65 95
5 21 95 28 74 9
4 68 11 20 74
9 52 30 61 74 77 75 71 47 62
8 94 17 39 13 1 57 23 91
6 24 88 13 3 12 6
11 38 4 76 62 8 22 43 55 77 33 24
6 10 46 35 62 6 82
6 99 60 96 9 33 54
7 60 33 99 28 91 74 69
6 76 16 31 50 62 95
10 60 20 66 89 24 45 77 26 100 92
6 51 78 38 23 59 96
4 24 28 32 11
9 95 57 5 81 89 17 50 18 35
4 43 53 15 99
4 88 35 50 70
4 59 52 93 68
5 24 27 67 79 31
5 30 19 93 81 45
6 86 58 52 69 9 53
7 16 34 99 58 80 89 69
6 93 81 5 6 1 14
8 65 58 50 95 82 69 19 3
7 2 33 75 45 47 11 63
5 84 26 88 8 57
4 22 44 88 61
7 92 42 24 15 44 82 68
5 6 47 77 26 48
7 63 60 86 13 17 11 99
8 42 63 6 19 46 95 24 3
5 40 82 66 98 92
7 57 24 63 32 88 89 13
8 11 35 71 51 81 73 60 17
7 69 8 48 2 96 100 27
5 18 96 71 47 17
4 6 75 52 100
6 78 69 100 57 99 29
5 94 21 83 88 2
4 76 18 64 81
10 100 13 5 71 86 91 9 65 39 59
12 35 38 36 82 22 58 30 94 29 69 21 74
11 85 23 49 74 58 17 19 75 33 52 50
5 97 78 34 10 85
4 11 75 13 12
4 97 74 78 90
5 2 64 100 70 14
5 39 31 61 83 64
4 84 30 75 3
10 91 61 49 57 48 38 10 41 11 54
5 32 77 23 83 45
6 81 98 15 79 91 42
5 46 67 81 76 45
5 69 63 16 88 76
5 11 45 79 27 39
4 35 9 2 74
6 38 69 95 43 89 51
5 51 96 100 69 74
7 23 57 84 9 45 77 42
5 82 71 67 31 19
8 64 43 1 67 2 71 65 22
9 78 72 35 15 68 49 39 69 64
6 8 56 12 67 44 90
11 18 77 16 53 99 50 80 22 46 96 41
4 92 71 65 41
7 77 97 99 14 10 80 83
6 34 55 22 65 67 16
5 98 80 77 75 92
5 88 45 98 69 51
4 89 9 68 74
5 86 60 68 63 73
8 74 19 37 58 49 29 38 9
4 19 1 96 28
9 39 26 61 87 73 78 3 20 25
7 78 48 55 74 64 47 88
6 26 28 41 44 7 79
9 66 27 76 98 90 10 67 87 58
10 28 72 46 92 79 6 20 98 39 87
6 64 1 18 23 7 72
6 80 92 27 95 54 46
8 13 64 97 66 37 94 18 4
8 13 65 80 68 81 16 98 25
4 13 80 32 35
4 66 65 84 74
5 40 16 97 56 61
5 18 63 58 37 76
6 8 71 61 19 7 28
6 36 54 35 22 37 7
8 63 34 82 87 85 70 64 69
10 84 42 99 9 10 50 28 15 36 86
8 62 73 16 59 37 74 88 66
4 95 1 74 64
7 39 76 64 75 46 57 83
8 85 51 50 98 17 75 91 76
7 61 14 35 47 3 92 70
5 7 56 94 86 72
4 91 43 62 93
8 100 16 28 69 72 61 64 81
6 57 22 48 32 11 93
8 88 34 49 58 16 55 52 84
5 86 47 78 64 93
7 49 70 54 85 80 62 21
4 83 59 19 41
4 80 14 53 43
6 75 12 79 63 37 82
4 27 5 42 57
4 11 13 31 46
6 77 67 24 12 26 76
9 89 4 82 26 48 47 13 79 21
6 38 18 86 10 63 9
6 6 19 60 36 11 67
8 1 77 84 31 99 96 79 22
4 40 95 69 9
11 43 11 50 81 2 58 77 65 68 9 61
9 52 87 35 6 26 48 84 14 19
9 92 83 50 58 79 62 95 3 48
4 80 83 68 48
10 87 78 26 36 92 41 31 91 56 64
7 82 78 29 97 98 65 17
6 43 27 60 84 15 79
9 22 3 90 17 74 13 28 37 79
4 71 72 12 82
9 43 89 10 33 12 55 21 66 60
8 83 72 63 59 14 20 24 22
6 92 36 12 97 60 64
11 5 47 56 27 97 43 20 14 32 90 55
4 92 62 42 100
10 50 54 4 60 81 79 83 68 36 30
4 30 48 79 96
4 85 30 46 69
6 74 37 24 48 84 21
8 98 13 83 14 47 27 34 91
7 69 63 22 50 47 30 44
5 12 58 44 91 4
4 64 75 61 98
4 20 59 4 70
5 40 41 96 45 59
6 75 87 74 88 43 93
7 28 19 95 79 43 17 29
7 64 80 91 47 26 36 69
4 82 10 72 69
7 22 12 39 49 10 93 28
8 12 56 68 70 76 28 37 17
5 53 94 69 83 31
5 14 12 93 25 52
4 6 18 97 99
4 58 5 80 62
5 68 9 4 15 47
11 11 60 42 83 75 73 49 61 90 97 50
7 58 80 18 72 7 2 62
7 56 96 21 86 33 3 79
7 35 99 39 89 65 24 86
12 82 4 21 52 28 83 11 31 9 72 67 77
8 36 51 95 65 11 94 57 48
4 93 100 31 40
9 70 13 4 100 80 93 45 41 51
6 73 23 21 1 22 58
4 23 88 69 87
4 18 58 68 22
5 8 89 21 71 42
10 86 87 93 22 77 36 4 84 83 97
5 12 88 25 46 36
4 16 21 48 44
7 8 17 86 22 9 66 25
5 67 29 78 18 38
5 29 53 58 45 13
4 18 40 36 29
5 65 40 15 98 6
6 2 73 98 79 95 15
5 48 77 28 19 31
4 22 10 48 88
6 54 58 86 10 96 15
6 81 13 10 89 51 74
5 81 11 53 70 3
6 65 68 20 97 26 80
8 46 60 63 59 69 90 19 15
7 86 85 6 81 5 60 82
4 78 71 10 36
4 21 19 82 25
8 99 59 71 20 68 97 86 28
15 59 13 74 3 11 44 47 24 19 36 89 58 75 12 48
4 61 23 77 11
4 47 48 55 85
12 48 88 41 20 10 66 67 43 4 12 26 99
9 91 50 1 94 25 76 96 67 75
8 21 100 93 39 32 10 86 19
8 75 64 25 38 97 88 45 23
7 52 49 56 82 53 38 7
9 11 94 28 1 96 7 26 74 10
5 96 34 94 97 64
5 48 13 7 77 59
4 51 57 35 87
7 58 34 56 5 24 23 11
7 46 60 27 98 43 4 75
6 71 36 88 64 27 75
10 43 10 68 6 42 89 19 20 88 45
4 3 66 10 47
10 96 32 22 71 28 27 37 7 98 94
12 64 51 77 52 33 71 29 78 83 24 72 89
5 62 66 47 16 74
4 38 69 13 17
4 80 32 53 4
8 60 74 9 94 68 92 71 27
7 31 44 97 17 67 40 73
5 82 66 85 61 99
5 97 90 76 60 3
4 79 70 45 19
6 61 27 51 100 43 25
5 62 77 52 17 40
5 3 1 30 10 65
7 89 24 27 66 18 10 77
6 35 10 1 62 12 2
7 8 62 26 63 48 57 1
11 29 16 44 75 85 40 5 13 61 76 36
5 24 92 46 22 60
4 8 17 52 23
4 14 89 32 15
8 45 26 46 3 43 48 87 81
6 67 76 24 65 10 63
5 26 98 43 19 72
6 14 5 100 78 55 68
4 94 87 20 28
4 53 33 56 2
5 58 75 80 19 13
4 93 100 94 42
4 85 19 16 17
6 76 43 99 83 21 32
6 84 31 51 17 11 59
7 96 56 48 87 16 14 94
6 86 5 12 49 50 65
6 41 47 30 50 71 69
14 4 46 23 99 79 22 16 3 77 78 70 91 54 6
7 6 55 89 78 99 87 74
8 32 53 100 68 1 22 48 76
10 26 83 3 28 73 59 52 32 24 47
8 34 88 15 66 84 50 97 69
4 49 31 84 77
7 92 13 74 6 38 12 54
6 93 45 26 20 46 35
4 3 32 81 49
7 3 44 50 47 88 70 6
5 59 40 48 36 4
10 82 67 9 81 14 26 29 44 75 83
7 18 48 10 50 78 81 16
4 50 85 47 53
5 66 34 19 76 94
6 71 59 76 73 75 30
7 63 94 83 8 29 53 69
8 66 72 24 12 87 83 91 51
10 97 61 1 21 55 80 91 92 16 65
5 26 50 98 64 13
5 95 93 80 44 11
5 37 13 52 27 90
6 68 90 14 1 7 2
7 9 54 40 12 71 56 35
7 60 91 12 45 7 10 17
8 96 46 20 12 13 68 29 11
4 61 98 1 71
5 36 20 93 81 19
4 24 99 7 1
4 10 22 20 79
5 9 80 91 72 82
7 41 80 98 16 60 97 64
6 84 62 40 63 35 11
6 64 34 44 66 54 87
8 42 85 67 99 9 69 34 93
7 100 1 56 61 53 33 66
6 65 3 16 2 58 50
4 48 27 19 18
6 13 19 68 75 35 80
6 85 56 32 46 34 51
5 72 70 22 48 51
5 34 14 19 54 74
8 28 15 12 34 39 9 8 29
7 88 5 10 92 62 76 42
5 94 84 62 60 65
4 32 81 6 62
7 79 21 87 34 19 78 10
5 47 20 42 57 62
4 64 86 94 89
7 92 50 95 25 24 45 51
6 7 32 35 27 97 3
6 93 71 2 89 9 40
4 3 32 16 99
6 55 95 15 30 98 22
6 66 41 93 83 62 95
5 19 31 85 44 76
6 83 92 9 41 31 49
7 41 74 37 71 34 7 100
4 49 68 86 6
6 26 9 75 81 58 55
4 32 72 47 23
6 76 96 85 84 45 19
4 3 45 18 48
4 50 76 77 65
8 86 46 77 22 11 37 41 95
6 53 99 51 93 31 26
6 97 56 72 17 94 100
7 43 50 53 73 25 18 20
5 54 62 27 66 56
4 80 21 62 84
7 65 94 6 1 15 92 47
4 58 90 24 64
11 26 42 24 51 56 35 25 85 20 1 38
7 39 42 29 85 81 84 96
4 54 99 18 92
4 51 24 13 88
6 13 44 72 59 58 67
6 8 84 77 56 62 12
4 22 95 30 37
4 43 8 96 98
4 72 98 9 97
9 19 49 70 34 21 76 85 79 9
4 35 55 57 80
4 21 57 43 5
4 44 88 15 91
7 68 58 39 33 50 52 9
6 3 22 80 5 40 99
4 47 74 71 33
4 98 66 92 44
4 48 9 75 56
8 31 19 23 33 79 50 61 59
4 51 59 28 13
4 9 77 83 48
5 52 18 81 74 38
8 92 43 19 12 27 42 44 85
7 92 58 39 51 12 24 98
6 15 84 8 42 5 92
6 82 95 35 56 68 5
4 78 84 17 2
6 11 37 78 65 22 92
6 69 63 2 40 21 61
6 4 48 97 31 91 10
4 98 42 85 93
6 74 60 68 32 39 59
6 5 40 41 52 83 98
8 2 70 47 55 37 46 43 61
10 9 97 66 39 1 87 8 30 60 3
10 35 8 31 48 3 17 39 61 21 74
8 47 42 30 39 59 100 86 65
5 39 61 87 92 49
7 27 75 88 56 12 83 60
6 6 3 72 62 44 97
6 17 83 92 44 61 10
6 82 97 18 13 50 8
7 77 99 11 31 83 29 34
4 32 31 38 46
4 71 21 56 44
7 78 82 50 39 29 34 89
4 60 52 53 10
8 51 15 53 97 92 11 67 52
4 32 8 99 74
9 47 34 27 7 29 72 19 75 30
7 17 1 99 19 43 70 71
4 44 47 10 43
5 2 46 63 53 14
6 38 86 60 15 23 47
4 6 80 34 49
4 40 47 63 50
6 79 39 1 18 16 69
10 97 47 13 8 94 10 28 32 48 27
11 25 18 88 100 60 65 3 8 96 30 32
8 100 49 6 25 44 48 58 61
5 20 16 81 95 44
8 28 45 93 84 61 82 48 49
6 18 62 41 39 15 11
7 96 59 91 55 34 4 44
6 43 32 7 42 14 56
9 29 6 61 57 83 46 25 21 45
4 15 79 89 25
9 67 60 17 35 47 100 79 63 12
4 9 37 19 67
9 68 91 51 77 25 47 78 32 5
4 27 1 17 29
5 26 97 94 3 21
7 31 1 94 71 100 67 2
4 96 43 90 6
9 94 29 98 62 26 96 61 6 77
11 38 21 72 19 51 16 48 13 58 10 99
4 76 66 98 52
4 45 52 83 27
5 41 18 13 3 55
8 45 10 58 71 66 56 3 50
8 46 38 67 52 48 63 61 23
6 59 95 54 78 48 68
9 77 100 49 54 70 14 68 28 47
6 99 75 8 34 46 66
8 3 20 79 35 34 7 94 49
6 37 59 24 23 11 28
4 20 62 65 71
4 11 51 35 9
6 5 45 55 74 33 71
5 88 13 35 97 36
8 51 11 68 49 24 64 53 77
8 42 48 58 27 100 96 8 32
4 38 27 21 33
9 96 92 25 95 3 73 85 91 61
7 17 59 4 7 14 64 53
5 39 51 63 33 60
4 37 52 67 21
4 56 4 91 21
5 40 46 62 38 6
4 94 93 57 2
12 62 32 77 87 46 23 52 16 83 5 27 9
9 58 49 14 5 3 13 7 1 78
8 14 38 94 96 25 45 39 82
7 20 73 67 59 34 81 9
5 85 11 77 82 34
8 24 51 49 17 69 56 75 87
5 24 57 63 41 72
8 33 95 60 21 71 55 67 17
10 95 9 23 79 81 1 90 39 11 57
5 73 40 31 36 32
8 43 49 89 18 67 6 62 34
10 52 28 18 36 15 8 46 37 3 58
8 35 99 86 66 43 100 71 64
6 94 39 54 48 92 70
7 12 59 79 75 55 60 21
11 15 38 34 93 45 1 29 89 32 76 65
8 55 84 58 85 18 65 72 93
4 100 59 72 78
5 48 76 25 23 3
8 62 29 39 28 16 52 3 93
5 8 84 7 18 35
7 53 60 46 31 79 77 83
8 48 83 98 81 68 54 7 66
6 35 70 89 76 63 50
8 87 22 70 32 89 91 68 5
9 91 37 15 48 92 17 60 28 90
11 78 10 5 38 73 56 86 67 62 12 34
4 30 63 5 8
6 7 24 46 32 14 23
4 32 10 11 83
4 99 23 36 34
6 71 97 7 15 94 10
4 50 72 91 20
5 8 97 88 41 100
4 81 66 9 32
4 81 95 29 23
7 45 15 11 48 47 62 77
4 85 84 96 10
6 24 62 87 95 48 63
8 12 51 2 86 38 54 32 74
4 92 33 79 77
4 48 3 17 96
6 59 70 24 27 61 97
7 14 27 70 89 84 46 44
6 95 98 83 14 47 65
7 75 77 79 48 27 23 95
6 56 29 30 98 18 96
9 26 70 93 41 16 53 40 81 66
6 57 46 67 99 90 64
9 67 31 48 39 14 57 100 93 21
5 57 43 51 61 99
4 52 10 7 73
4 66 56 76 54
4 35 5 84 78
5 22 60 91 66 94
7 34 56 5 2 23 3 74
7 41 61 98 4 66 10 57
13 59 74 73 14 33 37 71 89 87 39 68 79 61
4 4 24 35 31
5 55 20 29 47 19
10 79 69 51 80 65 55 74 11 21 81
4 21 66 8 53
7 8 35 5 96 77 45 54
7 27 50 49 95 52 29 18
4 12 38 83 18
9 72 69 59 63 58 50 26 14 22
7 63 55 40 94 35 84 53
11 100 78 29 69 13 56 6 39 77 74 4
8 13 42 10 45 2 95 63 76
6 89 88 16 22 33 12
10 18 38 81 94 16 19 96 28 71 65
8 3 85 57 12 65 44 92 89
5 8 5 41 62 73
4 15 25 93 77
4 72 86 96 40
5 68 28 85 99 40
4 96 70 13 60
5 80 61 8 41 21
6 13 32 28 75 84 6
4 69 27 11 57
5 88 49 86 3 14
4 53 39 85 12
8 5 67 72 25 7 99 58 20
4 59 48 58 31
5 94 47 26 46 11
4 1 58 31 10
7 57 26 63 15 83 38 74
