60 15 3
4 15 11 4 14
4 11 3 13 15
4 4 13 5 7
4 12 6 9 11
4 10 3 15 12
4 14 6 9 13
4 5 3 10 1
4 14 13 2 12
4 15 12 13 1
4 9 10 12 1
4 8 10 9 1
4 5 3 2 1
4 3 15 12 1
4 2 5 4 3
4 4 6 2 1
4 8 9 6 2
4 10 14 8 9
4 9 13 5 11
4 12 8 11 6
4 3 6 15 5
4 15 7 3 10
4 11 8 10 13
4 8 7 13 1
4 6 13 11 2
4 8 13 6 12
4 9 7 13 8
4 8 6 10 2
4 4 12 9 5
4 15 7 1 13
4 6 2 15 13
4 5 6 15 11
4 2 10 12 8
4 1 3 12 7
4 13 3 5 9
4 6 1 5 12
4 6 12 4 13
4 5 14 12 9
4 15 8 6 2
4 2 12 7 13
4 2 11 5 15
4 15 9 11 3
4 9 13 11 4
4 12 15 5 10
4 10 11 2 15
4 9 4 2 11
4 9 8 11 2
4 7 4 9 13
4 9 6 12 13
4 7 10 13 12
4 4 13 1 15
4 6 2 15 8
4 11 13 14 4
4 9 1 10 4
4 2 6 14 11
4 3 1 9 6
4 6 13 9 7
4 2 3 9 6
4 2 1 4 9
4 6 12 4 2
4 3 6 1 2
