1000 200 3
10 44 41 186 141 61 100 59 140 35 39
6 31 28 50 141 143 194
11 62 15 197 124 111 100 166 165 147 61 3
7 130 8 200 75 148 22 44
10 22 12 53 44 196 26 154 77 98 182
10 115 199 123 170 5 88 75 31 45 14
8 105 159 114 126 65 44 149 89
11 153 194 61 40 134 132 164 90 73 3 119
12 48 110 75 96 164 98 115 154 32 71 62 16
14 43 136 173 46 58 76 112 83 129 149 90 100 70 1
4 6 62 115 96
11 45 57 143 59 18 91 131 126 167 145 11
12 48 174 4 99 134 64 82 23 62 40 24 200
11 77 68 184 160 33 1 169 48 144 198 197
8 106 119 62 61 87 21 70 72
11 13 69 40 162 140 126 123 36 89 67 46
4 92 16 66 78
7 145 29 173 30 174 89 144
11 147 55 110 33 186 6 159 102 51 117 38
11 59 197 88 110 111 2 147 186 41 16 196
11 79 26 144 187 47 155 133 18 157 4 37
9 176 65 45 142 97 113 193 9 29
9 71 148 15 183 9 12 180 113 62
10 147 75 3 184 131 187 20 91 142 83
15 197 15 176 55 65 100 35 165 1 30 192 186 39 120 57
6 178 143 114 14 179 164
8 168 120 45 76 169 189 152 141
10 65 11 185 75 197 67 99 124 3 165
12 184 152 162 172 54 120 80 29 85 179 182 37
12 144 50 69 154 41 149 23 109 18 44 60 40
5 186 89 133 11 134
8 36 148 72 94 142 158 141 192
10 197 21 122 76 20 173 99 82 167 61
11 77 5 79 161 148 175 30 11 151 136 121
11 98 158 16 2 4 157 130 132 160 147 190
6 31 27 52 116 101 46
7 173 93 7 133 162 111 107
12 45 63 10 91 61 115 122 165 35 132 69 49
9 27 5 31 62 159 174 61 137 7
10 116 140 129 120 178 59 38 159 113 100
8 196 105 186 95 48 80 30 152
9 103 169 63 62 105 108 35 111 128
7 111 41 151 58 26 76 64
7 144 67 20 159 163 42 41
12 22 33 59 63 82 91 111 146 154 126 16 136
6 170 82 58 151 120 131
7 148 176 60 167 122 169 96
10 153 17 55 19 58 86 135 125 74 118
7 82 6 177 69 109 134 46
6 128 50 46 72 112 36
14 193 34 94 10 42 11 53 65 108 121 80 175 17 188
10 82 57 98 94 138 176 6 175 136 194
10 157 72 88 185 97 132 20 121 10 142
10 100 97 200 42 149 94 29 178 108 70
11 125 170 11 39 84 19 158 77 157 197 16
10 52 29 7 14 26 135 69 82 78 185
13 127 145 142 60 53 13 122 128 19 26 96 7 158
13 49 142 89 105 158 97 164 134 98 24 124 36 166
13 26 52 9 161 194 124 74 131 37 94 101 92 79
12 176 140 190 88 47 149 52 83 178 197 170 198
13 113 39 171 121 101 173 92 178 112 83 63 130 25
10 126 149 185 180 57 177 12 120 128 199
8 70 196 101 88 9 91 85 99
6 3 6 192 27 1 54
11 98 81 41 148 173 46 2 174 28 167 14
12 150 193 165 175 184 137 99 81 162 2 126 183
11 5 106 32 3 27 64 196 181 10 112 50
10 16 149 150 157 172 173 61 114 185 194
8 89 181 27 60 184 185 197 132
7 56 174 85 150 115 19 193
8 149 186 122 148 128 132 68 51
10 11 165 171 86 60 61 194 182 199 33
6 118 71 68 5 31 169
10 163 64 137 195 21 183 187 174 142 127
8 128 171 188 116 41 39 83 80
8 119 25 172 19 94 93 24 88
12 54 75 57 23 151 62 99 184 18 78 119 174
7 159 19 122 149 152 40 35
9 102 91 56 163 147 176 192 23 34
11 146 47 193 177 164 14 158 170 119 8 110
15 191 171 178 175 99 140 105 139 194 106 67 35 146 164 38
6 88 163 57 162 12 119
6 83 149 96 114 107 167
11 124 17 51 170 10 57 163 27 113 140 107
14 151 42 191 50 7 72 200 89 52 127 69 184 93 196
9 187 49 41 51 10 50 105 102 28
12 153 95 45 179 114 125 136 180 96 29 100 49
9 67 81 61 187 36 34 84 145 101
8 164 14 66 159 197 122 109 155
10 185 77 44 197 169 142 52 36 147 118
12 178 186 17 1 109 136 97 151 134 143 53 107
14 183 130 160 56 66 184 171 122 13 39 178 194 38 159
8 50 78 80 88 84 48 162 68
10 42 82 199 115 161 76 136 138 171 143
6 107 73 38 86 23 64
11 163 50 155 26 44 37 169 135 65 126 31
5 166 185 42 21 137
9 25 120 44 47 162 192 7 106 43
7 31 91 57 102 144 161 101
8 58 199 40 163 169 53 85 88
11 32 127 72 21 117 83 62 140 54 85 99
8 134 21 97 172 152 131 13 183
8 52 14 44 171 78 103 97 7
9 115 184 114 6 91 173 15 35 108
14 98 163 13 25 88 104 38 127 9 122 86 148 22 96
6 189 160 90 196 6 104
8 75 50 42 57 116 167 23 70
10 58 175 51 164 149 173 139 89 88 197
10 66 130 95 122 190 124 110 123 101 40
12 121 132 165 35 49 17 37 27 19 62 80 15
9 125 71 32 36 112 33 9 13 12
9 115 55 8 94 149 114 195 111 156
9 51 125 197 12 20 47 189 151 111
13 114 176 47 182 50 63 178 68 159 79 60 175 62
7 156 143 95 160 188 137 151
5 174 12 18 103 108
13 109 114 132 59 88 57 70 113 48 156 130 116 67
12 30 136 145 8 79 130 195 164 78 131 89 139
10 104 80 84 143 58 6 130 152 138 99
12 64 75 191 77 122 7 176 41 140 194 185 106
8 67 137 162 88 6 61 73 48
9 1 135 181 65 12 100 10 54 141
9 116 68 39 170 125 43 138 9 72
5 73 65 88 186 75
9 57 81 23 171 108 21 126 9 170
15 52 140 49 152 153 40 3 182 78 127 116 195 51 12 193
11 22 143 136 137 128 167 56 127 160 101 135
10 160 84 54 83 10 41 63 52 172 131
10 60 192 136 36 29 155 190 134 74 14
7 197 130 165 24 64 88 132
7 21 174 15 160 43 176 54
8 91 4 101 95 13 154 17 51
10 5 50 4 75 49 27 124 113 186 59
7 146 140 25 68 185 179 91
4 146 171 15 60
14 117 148 144 103 52 9 11 53 77 82 67 100 196 94
4 38 49 152 184
7 157 36 74 65 45 133 169
6 163 76 143 114 50 147
6 64 23 133 169 87 58
9 147 37 145 138 90 172 97 85 32
6 178 117 46 95 92 170
9 173 105 33 49 189 127 171 2 65
10 147 74 140 127 91 126 88 19 8 39
9 2 1 161 99 90 9 121 64 34
15 125 52 65 172 21 181 159 35 179 44 138 103 151 194 9
11 65 15 25 175 57 95 98 68 134 79 21
18 65 173 194 178 76 150 187 4 89 12 62 20 32 142 152 44 130 31
10 80 2 16 162 200 5 3 109 194 150
6 169 154 106 145 52 5
8 160 137 186 155 74 43 9 24
7 9 174 195 167 33 127 187
10 41 25 151 97 126 110 22 79 127 60
8 5 170 44 185 126 47 9 105
11 122 23 52 46 140 135 166 109 64 40 34
7 140 189 68 148 69 134 71
7 118 14 177 54 33 121 169
8 39 148 55 198 4 78 71 28
11 146 1 170 123 48 139 103 188 82 21 142
13 175 2 128 137 105 141 46 125 154 172 13 10 63
11 118 25 13 102 18 111 164 126 133 70 15
6 52 34 105 100 117 162
10 11 172 191 122 62 136 37 51 54 132
8 191 47 67 188 54 32 39 52
11 86 19 8 3 14 132 103 96 15 179 64
12 13 38 138 27 153 54 156 194 107 44 135 199
4 107 87 110 13
14 112 86 187 40 50 79 4 146 36 82 136 21 72 71
12 180 97 86 138 100 69 87 84 37 49 62 141
10 188 90 129 165 39 31 88 29 113 54
10 8 128 99 52 58 1 43 155 164 192
9 46 51 194 32 45 177 159 10 29
12 142 106 2 150 102 42 93 195 175 69 148 49
6 184 73 45 84 159 180
7 64 22 167 127 185 133 146
12 119 110 19 49 149 181 90 152 11 45 151 29
7 59 200 11 153 183 3 138
14 41 143 30 175 135 109 52 107 118 110 91 111 35 31
13 172 153 168 137 75 144 147 53 114 70 7 76 102
11 190 87 34 67 58 82 25 69 133 166 94
13 165 111 5 158 157 150 18 100 127 41 30 56 53
8 147 20 13 122 80 70 179 108
13 134 91 86 54 169 131 118 52 115 141 61 165 191
11 137 188 183 24 64 95 196 117 62 158 34
11 153 80 185 124 135 158 60 69 77 96 97
11 64 80 7 194 22 72 79 28 106 200 47
11 34 83 121 72 185 110 39 178 114 187 130
10 134 65 171 101 115 182 68 193 111 37
11 10 174 180 199 176 137 109 186 132 194 169
7 26 161 176 137 94 24 16
7 30 182 171 49 17 124 9
10 188 8 163 99 63 17 139 161 54 107
12 80 195 191 161 108 117 104 115 78 72 55 25
12 86 65 149 63 161 106 25 72 30 168 112 103
11 21 103 2 95 128 31 118 186 78 102 19
8 16 76 96 113 34 28 185 193
4 125 33 109 185
19 106 165 97 40 101 79 195 55 16 80 2 72 142 73 118 70 69 145 108
8 35 77 157 61 147 171 116 91
8 186 181 168 72 93 77 182 130
13 17 149 178 74 20 115 60 190 61 130 171 179 49
6 163 53 78 24 109 136
8 113 106 90 118 102 192 30 85
7 138 142 158 185 150 115 48
12 156 12 107 23 169 36 153 34 161 17 81 146
9 62 65 39 101 82 125 159 8 100
9 109 102 187 54 164 67 135 69 41
13 7 152 176 86 151 122 188 64 104 13 62 126 92
11 189 43 19 188 181 30 24 158 89 167 29
5 139 183 196 107 20
15 85 170 69 27 197 59 188 199 7 80 195 103 5 127 66
11 147 52 199 59 3 73 111 139 191 173 126
4 110 109 160 68
9 48 132 148 42 32 169 125 162 101
9 178 84 96 39 5 132 118 113 180
7 57 119 160 126 191 69 172
14 110 36 183 182 120 17 67 29 151 106 5 50 134 60
10 14 113 73 178 150 96 173 42 12 91
16 137 188 190 192 127 65 152 176 91 44 54 174 73 36 69 2
14 164 55 200 76 112 103 1 126 175 107 42 192 128 35
8 73 146 131 6 85 96 60 149
8 65 159 15 95 186 86 132 79
8 194 57 10 27 170 89 112 150
10 38 43 29 17 163 3 65 156 195 134
9 111 141 18 198 12 55 121 127 45
10 183 40 67 51 149 90 144 171 200 163
10 159 128 136 21 176 129 164 37 47 157
7 4 113 11 43 146 189 132
13 94 72 20 134 159 11 62 83 103 70 96 111 109
8 98 199 92 196 46 152 184 27
7 150 92 132 175 127 74 55
7 186 171 75 108 198 53 59
6 32 111 162 200 61 29
10 10 136 5 58 178 116 86 198 161 165
7 103 130 168 190 112 67 34
8 117 159 81 177 15 61 23 182
10 114 33 166 179 82 191 111 41 152 180
12 72 181 164 47 62 85 32 163 176 172 74 185
11 140 194 136 97 44 165 70 30 119 142 16
10 181 41 62 152 28 126 9 32 104 18
14 180 196 65 34 2 67 151 182 109 174 84 47 120 115
10 148 155 16 73 196 22 76 91 137 64
13 63 176 54 191 147 24 173 113 107 2 100 129 88
8 49 42 163 175 181 91 165 119
6 31 110 177 132 115 152
8 23 73 149 124 39 164 36 6
10 166 63 82 136 2 58 162 26 103 90
9 38 194 87 81 42 107 66 110 115
13 182 96 25 132 158 40 24 171 157 135 199 133 85
7 87 84 55 4 155 45 86
7 104 44 15 111 127 1 11
13 42 104 123 83 195 76 143 149 92 111 47 150 191
6 43 49 64 74 135 199
9 23 152 10 28 66 124 172 19 109
13 102 90 27 169 180 95 81 24 85 9 174 142 178
12 3 134 92 81 186 200 12 21 65 153 168 82
12 182 183 48 161 172 106 174 27 86 34 180 200
9 117 9 43 55 166 137 175 127 100
10 127 108 73 70 179 106 142 105 154 74
7 46 133 82 190 137 53 63
19 118 195 150 147 65 105 92 133 74 185 199 180 60 86 26 148 177 198 96
14 83 58 6 18 28 139 165 108 162 61 9 172 176 56
10 170 47 102 46 130 74 137 14 81 101
7 188 164 63 35 71 162 66
11 157 80 43 184 56 162 154 38 62 178 198
14 183 65 96 132 77 147 191 38 154 13 44 49 123 164
7 179 69 126 28 100 40 189
7 74 195 20 25 60 16 26
8 18 90 178 37 72 122 158 173
12 40 49 45 166 69 12 103 178 104 114 13 171
11 162 43 85 177 22 74 154 198 26 56 16
8 62 122 19 93 89 199 112 81
13 191 3 150 9 82 38 169 110 147 157 181 58 154
9 163 135 176 127 94 80 26 69 116
11 21 126 62 71 141 105 197 146 165 38 48
10 123 77 150 35 152 155 51 13 42 196
11 112 176 111 169 137 38 3 179 136 102 85
12 112 2 92 144 146 97 37 30 151 7 8 3
14 91 29 170 94 6 66 42 117 83 53 59 27 187 181
4 33 123 97 115
8 2 97 14 35 141 174 199 193
13 55 182 160 180 108 31 18 28 117 148 69 187 113
14 100 80 103 106 184 173 49 158 168 27 43 147 167 35
8 176 168 127 182 103 3 183 197
7 199 179 180 79 42 66 68
14 85 64 190 32 165 81 66 107 110 63 12 179 93 141
12 165 122 52 16 9 197 166 110 46 186 159 136
7 87 69 156 67 104 98 95
4 20 37 141 179
15 138 140 188 18 80 39 162 81 53 55 85 150 19 107 129
10 23 197 119 74 146 190 31 6 100 2
14 140 174 145 37 101 98 193 87 108 178 30 195 139 106
8 113 124 46 186 36 95 38 130
14 195 184 57 60 135 20 11 164 28 58 70 50 90 130
9 21 158 195 188 78 135 137 105 183
11 171 103 81 197 184 114 57 84 30 93 77
8 154 115 75 69 129 12 163 156
5 61 8 98 197 39
12 183 92 78 31 194 123 101 184 188 61 75 24
9 151 108 59 125 93 95 136 75 44
7 138 65 151 63 161 98 78
11 175 179 151 17 9 133 157 197 139 162 169
15 159 56 50 116 101 108 177 35 42 44 13 188 5 125 24
16 44 69 194 87 117 175 189 141 161 155 15 118 103 129 45 83
13 21 35 63 80 72 170 13 53 155 109 115 192 90
9 90 182 190 64 132 38 88 86 144
8 6 35 72 57 144 71 124 54
9 108 166 111 121 94 92 88 26 179
8 173 120 139 92 2 133 162 126
9 8 192 48 145 186 189 159 154 125
13 67 81 141 80 69 72 148 142 123 188 170 19 183
13 5 110 14 56 13 97 139 105 158 19 78 177 22
16 23 104 110 61 52 164 129 24 160 181 178 116 194 81 157 163
12 174 77 87 196 2 83 4 128 93 120 52 9
11 130 144 119 76 54 49 99 177 150 100 120
19 118 77 16 114 116 45 38 130 70 124 50 46 53 33 44 196 115 164 65
12 109 165 88 71 8 17 36 43 66 81 54 4
7 152 94 49 108 85 121 11
9 128 107 18 104 63 129 160 55 155
6 12 115 157 128 9 35
12 23 155 41 52 53 57 82 164 64 159 130 180
9 153 18 33 96 76 87 50 154 165
14 22 64 53 75 152 149 44 68 15 187 136 182 156 122
4 162 67 22 113
10 143 45 74 92 169 54 197 162 13 110
5 14 134 55 2 149
4 130 191 178 93
12 159 184 10 185 150 75 88 7 45 186 33 73
9 162 115 135 186 110 177 76 114 192
12 6 61 198 175 196 67 126 14 130 97 43 57
10 46 169 139 24 41 146 14 193 49 168
13 63 32 90 176 177 163 60 174 151 200 72 37 99
8 199 190 178 170 169 118 78 81
7 161 46 106 50 82 176 9
8 42 124 167 198 21 39 24 82
5 50 65 86 37 178
11 123 193 23 73 112 62 175 45 164 54 148
7 65 195 14 19 29 125 26
11 96 40 180 150 26 21 14 74 71 15 80
14 92 164 151 71 63 150 40 129 69 9 172 72 190 115
13 34 125 172 177 56 197 63 108 135 155 131 134 54
8 127 30 12 3 160 91 69 98
10 191 28 88 113 151 13 195 30 119 38
12 56 174 188 125 49 42 66 58 144 13 18 40
6 138 42 199 16 55 137
10 79 144 18 60 136 66 94 157 53 82
16 166 51 89 16 122 43 64 176 74 82 59 108 31 96 62 26
12 180 7 96 89 137 177 79 85 19 98 149 108
6 1 87 195 171 62 55
8 194 54 163 142 9 81 95 29
11 170 70 25 167 144 154 65 188 54 120 185
12 4 194 63 32 36 192 188 51 23 85 183 181
9 45 119 135 144 52 106 100 185 40
15 37 168 2 17 141 29 40 190 53 108 91 80 18 42 34
12 12 62 126 122 109 21 27 200 198 31 81 131
8 64 92 80 20 155 126 53 181
7 37 109 85 78 147 25 189
8 131 175 142 49 153 155 43 40
13 69 93 50 49 73 200 173 31 103 8 152 94 160
16 91 106 33 59 128 68 52 70 23 37 133 116 58 120 199 107
11 140 184 81 133 3 82 179 152 111 115 177
7 183 134 135 105 157 198 35
8 83 99 143 190 89 114 146 29
10 130 143 116 21 183 4 95 16 108 50
10 43 40 62 101 153 94 69 183 34 151
10 126 51 21 24 130 151 15 27 185 108
12 62 35 88 33 158 104 51 200 156 157 75 26
10 51 73 132 70 127 48 186 54 40 146
10 15 111 3 158 162 175 168 81 152 107
7 19 178 25 130 192 129 92
8 1 73 10 166 22 137 143 60
6 152 112 37 31 12 188
5 143 168 96 92 163
4 61 165 110 12
9 55 126 199 35 139 44 9 181 121
7 161 144 71 18 199 194 119
11 154 69 34 37 56 106 155 193 115 87 151
14 20 120 3 117 86 45 11 75 21 89 167 121 7 164
9 64 172 108 115 122 35 116 66 22
7 39 190 125 151 153 137 23
8 131 169 83 180 162 172 88 188
5 37 13 27 2 66
16 192 167 104 28 64 27 177 113 48 126 20 197 124 75 21 171
8 1 27 64 190 161 4 50 42
9 105 140 148 78 39 199 15 122 130
20 131 76 61 23 149 168 134 143 18 21 51 105 135 33 190 118 29 46 158 64
9 138 170 168 41 31 196 134 129 72
7 55 141 144 14 129 32 41
12 186 124 96 37 42 86 79 156 149 25 45 66
12 180 36 4 52 65 94 38 140 77 184 27 64
12 60 135 10 39 169 102 126 194 191 137 157 143
9 80 1 193 162 133 191 74 131 14
10 9 113 91 39 89 71 155 36 68 200
13 21 120 156 31 12 27 199 69 9 98 76 139 100
11 160 108 67 93 175 170 84 147 143 48 69
7 151 87 2 51 186 111 192
7 119 126 101 158 9 140 49
9 124 66 73 121 130 167 85 35 52
8 25 170 88 122 158 32 155 52
9 140 138 73 164 101 13 172 41 53
11 166 81 127 123 153 55 191 195 48 22 147
13 43 41 57 115 147 182 18 69 166 65 16 22 40
15 68 6 19 161 52 42 94 110 156 82 79 25 147 118 184
14 39 12 71 148 57 49 15 38 84 5 18 184 37 151
13 178 195 109 2 139 168 71 173 196 92 99 56 135
11 140 99 131 12 46 32 7 60 134 84 57
8 155 121 4 179 172 58 116 140
8 113 86 191 121 140 13 131 157
10 69 70 31 122 80 150 99 178 118 132
8 49 134 162 138 74 83 8 58
15 96 26 171 82 178 44 149 156 134 138 41 179 97 74 86
12 14 151 175 41 97 102 79 88 65 35 181 137
10 46 154 200 198 180 155 157 65 6 24
4 111 125 61 21
11 135 171 44 124 52 93 173 147 139 126 68
10 117 66 90 183 157 104 20 63 31 164
19 79 117 30 125 115 15 97 77 196 75 148 53 39 178 62 38 167 122 114
9 166 139 26 66 70 92 121 22 80
8 21 81 77 98 100 129 153 84
7 91 73 192 60 69 183 141
11 98 29 116 44 152 120 52 138 39 84 183
5 174 153 73 117 91
13 14 123 61 34 85 48 165 18 155 116 79 137 98
14 197 181 155 164 159 185 136 5 111 39 135 195 30 158
12 92 97 113 1 11 186 61 120 8 39 55 124
13 94 125 51 59 128 148 124 138 22 61 143 24 72
10 17 112 186 169 181 167 113 149 163 79
11 172 24 168 138 123 12 65 95 116 75 198
10 154 195 48 153 90 4 87 29 100 162
9 178 123 148 124 10 39 7 68 140
12 157 170 20 77 130 90 54 185 79 163 76 4
13 102 8 155 21 33 115 136 116 110 73 138 107 44
8 172 137 51 129 148 15 29 153
12 65 167 177 174 67 92 147 90 136 61 143 60
11 130 4 109 44 100 35 187 173 161 104 147
12 154 84 159 179 195 94 158 76 61 190 160 188
6 136 109 111 90 120 81
9 168 15 143 156 115 17 141 157 28
4 72 118 104 177
17 169 188 96 183 112 145 172 15 93 189 171 175 31 106 44 116 79
22 183 159 77 200 147 154 85 196 98 26 29 114 111 94 109 45 108 157 42 195 74 22
9 153 112 68 26 106 83 40 95 139
11 68 187 135 166 160 196 65 23 41 77 93
10 111 19 157 40 52 71 94 176 158 51
13 200 22 141 173 126 156 71 175 15 118 139 89 66
9 61 40 116 133 138 189 190 88 153
9 187 132 118 30 112 25 168 87 131
11 14 126 15 173 3 28 89 155 91 165 129
8 147 128 16 13 61 88 74 179
12 86 149 115 135 47 132 91 113 25 155 62 17
12 99 4 49 169 106 198 142 188 18 8 10 157
17 161 160 142 55 182 13 165 200 123 134 104 47 44 181 110 14 10
10 151 62 185 77 102 48 54 179 1 146
6 110 165 161 181 168 152
11 27 194 66 160 88 7 139 196 35 80 6
9 145 99 189 54 78 92 116 100 103
8 2 196 85 144 149 93 22 119
9 16 43 102 166 143 188 61 114 111
11 111 28 152 115 171 108 182 76 49 47 197
15 122 22 199 72 138 166 20 82 148 165 139 78 47 155 184
6 158 94 150 112 151 177
12 147 27 67 43 169 194 113 76 98 129 25 155
15 140 69 7 197 147 13 49 143 135 179 42 128 163 110 183
9 173 82 144 152 181 148 10 184 138
10 163 85 91 15 2 171 165 177 114 186
9 150 189 172 49 82 156 78 73 197
10 92 24 5 131 70 157 94 194 175 138
15 80 94 192 145 6 176 20 9 100 180 159 85 158 118 51
11 127 126 30 116 133 195 52 170 176 31 183
9 5 39 149 112 125 54 161 181 189
7 105 52 170 9 186 116 85
6 138 22 162 123 122 15
7 6 116 42 128 152 28 83
14 141 101 80 103 24 37 138 165 72 160 154 159 78 30
16 184 25 18 88 105 173 102 30 114 145 192 179 27 52 9 160
9 126 77 50 39 168 165 130 158 123
11 36 181 4 162 156 69 2 82 152 164 32
16 171 102 71 78 11 75 112 12 6 90 77 133 41 179 4 163
12 137 89 26 168 158 157 140 127 92 139 179 56
8 147 121 199 178 154 64 157 84
13 81 71 155 190 60 120 73 38 165 102 7 117 88
5 172 75 5 51 56
12 27 85 133 168 158 77 71 61 188 191 128 36
8 20 39 176 142 162 158 180 22
7 15 4 123 59 3 167 78
13 82 96 135 56 106 85 133 45 31 199 184 145 139
10 100 134 17 183 145 62 96 178 142 115
9 121 30 41 87 95 81 115 111 83
5 41 189 99 62 124
10 144 11 155 15 196 8 69 186 35 59
10 113 93 145 88 147 63 109 114 150 117
12 90 186 116 48 185 50 155 103 132 107 193 169
9 131 73 111 182 124 89 43 4 128
7 158 65 78 157 127 6 1
7 34 194 10 153 35 25 15
9 195 101 71 183 36 131 132 139 81
9 200 107 74 43 156 111 84 166 54
11 168 18 49 36 126 42 44 39 194 143 120
12 64 104 161 147 47 130 111 176 81 73 54 197
11 162 169 178 176 110 153 200 31 198 125 11
8 109 44 71 48 93 147 15 32
13 156 101 9 90 174 164 91 151 188 116 129 55 57
4 46 76 193 188
4 193 29 100 113
12 200 165 13 180 48 138 61 35 168 84 155 44
11 67 199 103 83 21 37 168 185 150 194 46
13 19 87 152 100 42 39 147 26 130 4 55 48 91
9 198 54 64 90 181 109 61 100 113
8 38 150 178 189 63 46 198 55
15 23 130 110 144 165 28 138 48 50 5 55 147 95 169 18
8 118 9 129 180 20 91 51 64
9 119 188 30 73 69 156 94 66 141
11 44 192 172 22 38 11 74 193 154 139 23
11 76 42 134 18 130 49 135 175 46 127 115
7 10 185 18 69 120 84 200
9 110 52 116 49 192 195 200 139 145
11 27 42 124 61 89 147 142 182 53 44 66
13 140 164 30 188 150 195 7 154 66 124 199 52 3
11 4 117 60 154 51 135 189 182 8 133 46
9 68 70 152 113 138 137 44 118 63
6 6 159 91 38 69 115
15 29 35 70 118 171 165 158 176 123 125 16 72 112 144 178
6 29 69 190 107 42 90
10 168 137 83 21 183 188 110 65 172 199
14 91 1 75 194 181 177 190 160 149 6 48 58 123 25
12 29 195 50 150 97 96 170 126 56 190 173 146
10 80 183 177 110 87 166 32 188 118 131
10 94 59 77 150 198 85 68 93 53 1
6 6 101 198 147 79 4
17 6 39 55 108 71 112 12 195 26 144 3 74 62 76 162 63 19
11 157 64 145 94 118 152 1 100 190 144 124
11 159 156 142 10 132 7 179 94 20 168 101
13 55 84 19 96 125 185 74 138 80 52 184 46 63
10 34 71 140 27 28 22 49 191 128 37
8 170 52 47 113 98 55 192 129
9 143 17 42 195 43 11 192 187 74
12 4 55 8 10 94 78 13 136 68 108 170 134
9 122 85 182 176 30 83 8 53 127
8 59 25 51 76 49 132 78 159
11 34 79 147 122 188 52 6 181 21 189 29
8 97 190 155 151 147 184 186 182
11 78 96 44 168 186 35 180 7 138 25 45
14 133 155 56 35 131 94 41 106 15 141 153 30 118 119
8 16 95 132 155 13 41 99 51
8 172 42 29 85 77 154 143 46
10 129 166 75 76 23 141 147 189 138 42
9 163 104 82 118 49 195 110 46 166
6 20 18 155 31 77 134
13 187 22 127 170 176 69 189 62 24 40 121 172 148
17 102 166 133 74 153 163 50 142 96 157 199 39 158 194 189 47 179
5 135 175 31 58 152
14 71 5 24 91 59 113 56 168 149 163 90 25 54 51
12 34 105 41 88 142 113 13 141 149 162 49 77
7 142 81 41 65 114 20 115
11 104 162 69 114 172 55 122 85 118 95 165
11 10 163 37 114 200 174 157 109 156 57 59
11 178 9 148 192 100 174 186 36 150 76 4
13 96 157 71 161 156 61 80 47 122 50 117 33 164
11 184 93 74 68 15 150 183 121 85 180 186
12 102 50 153 168 190 39 166 1 184 113 146 147
11 186 126 76 59 177 148 25 63 54 99 103
8 52 127 155 109 7 198 197 84
10 35 166 153 14 101 105 40 70 45 130
8 11 108 154 136 91 75 36 173
16 95 130 112 185 162 189 153 140 72 194 173 74 183 168 17 67
8 174 60 150 41 147 137 96 125
11 111 128 100 77 173 46 189 97 158 165 113
12 159 142 91 69 114 49 48 175 193 11 130 190
10 24 145 121 109 108 67 93 62 151 146
10 173 117 52 22 76 33 196 95 159 6
7 159 114 192 146 186 116 55
8 148 146 126 107 101 103 127 141
15 65 126 75 44 144 134 12 187 125 2 130 185 81 89 176
6 61 19 163 63 69 20
14 27 87 64 116 139 151 148 18 162 142 6 122 200 155
8 111 100 188 45 139 94 189 174
15 96 51 147 84 76 78 161 68 88 9 52 5 112 82 153
7 162 160 81 64 188 35 187
10 49 97 186 144 181 165 53 135 150 115
7 157 10 7 56 40 112 91
15 90 19 34 132 61 167 119 143 88 48 158 115 142 75 188
4 137 65 128 119
6 98 160 79 148 104 124
7 136 189 173 193 94 11 172
12 25 69 42 107 18 97 31 149 131 140 49 158
7 11 3 38 95 174 48 87
11 95 1 29 96 103 117 175 128 118 113 53
12 199 128 66 71 89 145 139 62 173 17 46 138
8 16 157 75 177 53 179 187 141
4 144 100 87 127
8 187 81 152 130 54 160 18 79
9 131 125 65 70 62 95 163 173 107
8 18 6 139 62 143 72 164 29
12 7 136 138 41 96 78 130 194 4 107 174 155
5 133 157 91 41 47
11 22 9 17 57 53 87 2 135 162 108 1
12 50 111 176 135 33 35 163 85 30 193 73 31
11 2 63 101 141 177 137 173 186 39 47 167
8 6 146 113 10 144 90 136 93
12 151 161 54 198 113 86 169 76 22 132 114 173
6 123 35 190 41 99 53
11 47 18 9 198 50 96 135 57 15 148 112
11 70 2 47 106 197 167 105 35 76 146 18
7 56 173 20 177 94 144 123
4 94 12 193 92
11 41 54 18 118 47 30 84 153 145 94 6
11 174 76 195 141 103 121 3 105 182 113 139
11 55 43 93 185 37 6 46 189 101 146 30
12 108 171 86 3 140 72 56 100 99 136 159 181
7 121 117 53 86 26 32 194
7 102 86 103 45 110 99 124
10 26 120 113 79 138 31 184 4 167 6
14 133 2 94 150 41 102 36 157 174 138 26 27 105 181
11 132 188 35 37 159 130 110 56 32 138 14
8 75 32 130 62 135 120 171 103
9 111 182 129 81 94 184 191 170 44
10 184 32 28 172 120 152 22 148 169 105
12 23 14 118 25 150 145 126 91 22 15 140 9
12 172 97 13 196 189 165 74 193 148 119 72 73
12 27 134 175 67 173 79 26 55 18 30 73 101
11 129 29 160 30 184 62 38 14 188 167 74
14 38 6 41 31 20 161 182 101 4 151 48 13 5 98
15 43 73 148 16 18 171 49 54 84 76 136 193 165 154 86
10 10 75 89 27 194 34 59 199 118 126
6 23 34 100 96 168 157
8 96 132 136 111 97 143 77 115
7 68 74 110 145 30 1 53
12 155 86 157 195 118 136 3 140 130 5 160 193
16 171 187 175 84 156 15 177 27 25 127 32 172 48 2 101 185
15 110 169 6 145 147 15 17 126 119 137 33 118 50 79 167
9 114 4 49 162 156 81 110 152 94
8 167 146 150 70 105 46 23 9
11 142 178 172 58 137 180 146 51 32 18 78
7 78 196 139 1 47 114 76
11 57 61 5 136 133 107 88 23 159 74 96
6 115 167 68 104 17 51
9 149 153 182 107 106 54 22 92 190
9 55 103 162 173 22 35 88 12 172
8 144 194 110 72 22 65 118 100
9 100 185 152 144 58 59 18 27 89
8 122 158 111 128 71 66 186 56
8 111 184 13 115 42 161 21 175
4 143 119 58 115
15 180 9 83 106 47 59 130 149 91 146 142 20 129 182 175
13 67 10 152 166 197 45 84 140 23 73 62 106 193
13 47 125 45 22 186 51 141 155 72 16 92 98 147
4 113 39 5 200
12 183 147 12 98 196 111 81 157 113 100 118 165
9 39 99 107 46 101 196 63 89 78
7 122 87 6 1 12 180 55
7 85 19 74 182 28 56 27
8 3 64 113 46 131 133 84 16
8 106 75 33 194 154 96 169 60
10 176 88 137 159 200 31 183 115 69 169
7 139 192 42 85 36 82 61
8 70 43 92 159 111 98 177 186
9 91 121 16 21 43 200 44 6 75
5 57 60 89 160 5
9 143 107 10 114 67 50 147 79 39
11 141 71 153 143 157 130 72 89 80 134 176
13 145 94 22 56 73 1 28 42 93 116 62 107 125
12 200 82 9 127 62 85 15 35 131 24 166 83
7 50 53 191 165 146 57 31
8 183 59 31 148 51 142 37 194
9 165 9 160 12 69 96 98 83 85
7 14 174 84 162 168 3 35
13 114 71 197 98 111 78 9 90 160 100 155 182 104
12 24 56 19 29 17 119 33 172 23 62 57 35
13 146 192 75 86 40 159 101 38 69 77 80 76 17
7 156 180 82 33 25 87 96
9 153 200 112 63 116 198 196 67 179
6 186 139 21 52 87 94
12 158 61 110 165 85 185 4 26 189 15 54 84
8 123 4 59 125 130 132 67 145
12 176 45 32 153 124 156 81 48 58 172 57 105
10 13 43 106 19 119 146 140 116 111 161
11 165 19 27 146 87 159 138 16 145 136 130
9 133 168 167 159 134 99 107 65 194
9 8 148 158 27 200 140 176 138 14
7 1 94 160 123 140 72 39
4 157 164 108 95
12 51 131 80 43 182 146 125 52 36 165 77 2
5 91 159 86 200 110
6 184 113 137 79 87 174
12 148 92 183 118 140 31 40 190 67 131 151 152
11 114 187 6 3 16 200 56 117 19 105 188
10 193 143 139 43 88 49 154 165 128 123
11 11 107 45 102 164 77 90 166 150 48 79
10 4 111 42 115 88 147 161 130 126 152
10 113 88 31 93 99 199 51 167 136 30
10 137 80 30 114 131 127 119 90 89 106
10 137 181 110 148 53 80 116 90 40 12
8 28 151 192 121 74 167 144 109
11 8 128 165 168 5 157 59 101 41 28 33
7 170 140 158 145 78 186 31
8 200 167 2 51 139 162 91 155
10 69 138 163 108 83 131 173 156 74 75
4 43 119 109 38
11 185 188 88 52 132 120 99 130 133 121 32
11 169 86 139 175 127 113 151 23 134 198 177
12 9 106 151 13 62 1 195 145 44 8 105 82
12 164 89 15 85 159 131 6 195 82 173 18 174
11 57 187 103 165 89 92 122 127 138 196 35
10 161 115 49 67 28 66 55 61 69 14
9 9 147 50 104 137 148 36 112 130
5 52 184 176 149 165
10 181 169 174 50 42 173 87 124 135 7
4 118 49 189 39
6 41 120 2 73 182 32
10 177 190 101 175 178 45 182 43 100 117
13 166 168 139 128 98 187 163 116 49 100 173 8 97
11 175 132 191 149 103 95 167 171 102 94 174
12 138 91 75 131 135 83 129 22 72 106 104 119
13 84 70 180 3 49 114 2 175 194 179 47 29 140
11 179 72 189 120 125 114 172 27 174 129 101
10 108 193 180 183 2 56 182 120 8 75
11 176 88 3 131 112 98 156 89 60 85 90
9 11 46 53 64 12 156 152 51 63
8 103 44 36 78 163 101 151 33
11 60 193 108 32 62 151 159 4 172 58 112
10 75 191 49 125 138 112 189 81 23 62
8 158 156 197 129 34 93 151 127
11 119 16 85 18 167 53 51 171 107 92 146
16 144 196 194 45 161 65 137 154 177 118 73 127 162 186 35 188
8 84 19 103 200 110 131 81 91
12 53 109 18 164 148 90 38 197 194 146 61 11
14 165 122 119 153 169 181 20 109 136 175 31 33 193 89
7 64 178 138 62 190 95 174
10 113 38 69 29 78 182 122 43 73 191
11 100 21 128 72 135 117 175 63 153 91 108
11 36 138 75 98 190 127 152 38 50 114 148
12 164 163 30 3 150 63 118 12 6 196 18 156
11 66 74 63 89 33 32 99 82 73 155 40
8 32 62 170 110 161 164 28 44
10 65 164 180 70 146 152 98 190 13 27
12 30 161 108 76 92 139 90 127 186 96 91 104
6 82 63 125 101 48 172
8 55 84 62 27 58 110 22 111
12 84 107 10 192 25 143 7 21 43 80 148 173
12 49 187 64 116 104 66 139 185 88 109 190 75
8 2 191 171 1 65 154 119 176
15 54 11 56 135 200 195 114 169 173 10 94 58 84 194 57
9 118 10 18 65 105 1 159 106 141
17 193 196 24 104 124 142 4 183 120 158 143 197 191 34 8 130 185
13 53 88 89 46 55 158 34 114 152 84 37 32 134
14 164 103 8 54 40 76 69 4 26 9 52 117 199 61
16 110 64 139 73 122 152 39 75 46 159 85 99 84 31 74 72
11 54 92 145 2 39 34 11 43 180 100 173
10 93 183 14 80 157 173 53 34 72 200
10 182 42 133 68 192 164 36 185 116 199
9 18 178 140 24 9 85 170 83 15
10 145 175 121 128 88 174 59 115 198 94
6 41 195 37 182 94 30
4 60 18 110 151
17 35 137 2 139 157 154 82 133 168 188 192 174 39 55 33 165 140
9 28 119 154 171 52 115 79 58 16
5 159 82 131 66 192
9 64 132 58 78 48 99 62 50 113
7 6 38 70 34 150 159 92
6 184 53 139 147 65 118
10 153 162 143 179 43 37 2 173 59 111
9 167 159 143 82 197 168 194 19 162
8 106 70 50 87 193 51 42 43
4 4 97 12 15
12 42 171 87 182 161 50 72 81 132 186 107 144
9 7 104 13 191 131 30 196 195 51
15 91 4 31 166 129 26 193 49 152 162 112 135 171 6 180
7 80 29 84 155 134 35 98
10 144 138 49 81 159 166 31 116 134 188
5 195 164 147 110 117
12 106 48 156 110 167 3 100 140 91 35 45 69
4 106 180 90 75
13 68 77 1 141 57 54 96 15 172 31 114 4 90
13 165 133 143 184 163 96 18 92 9 148 56 128 125
11 41 51 104 55 157 9 66 18 166 33 132
10 11 94 50 27 60 17 12 124 192 98
14 69 180 60 159 183 33 106 83 143 171 57 61 35 190
6 59 105 45 37 65 27
9 63 130 162 64 32 86 191 16 75
9 113 80 91 176 173 28 137 103 118
7 68 130 187 87 118 49 114
11 111 9 73 159 141 45 150 110 101 71 46
4 78 194 72 35
11 69 59 144 164 78 123 6 107 119 71 134
13 146 113 169 130 121 144 155 14 74 174 40 187 94
12 53 39 13 190 73 172 167 45 16 153 65 151
4 87 68 102 182
10 30 78 149 150 55 97 53 182 74 173
6 132 115 67 162 51 193
10 164 71 13 67 176 32 181 94 167 184
8 143 79 22 110 173 71 37 47
11 24 199 75 86 60 123 191 51 87 91 20
9 144 64 129 78 12 73 65 105 147
10 128 45 85 83 180 102 169 177 129 66
11 161 78 29 108 64 181 101 166 14 17 140
10 21 196 56 38 31 129 34 118 113 165
9 119 127 141 36 15 182 54 80 197
4 11 165 43 39
12 146 133 46 31 147 16 5 153 69 128 139 103
5 96 130 12 87 24
10 9 47 140 1 68 132 121 145 167 98
10 29 46 95 124 117 162 49 125 134 122
11 140 103 34 102 41 4 173 114 98 144 13
9 137 97 117 181 63 82 96 149 199
6 143 24 116 129 2 90
7 106 23 33 5 51 192 117
6 134 61 111 78 179 18
4 91 117 41 140
10 198 111 23 192 100 86 10 177 108 170
16 89 156 197 106 130 73 141 74 191 152 114 111 185 200 14 48
8 96 42 138 194 118 67 39 29
5 3 102 135 59 87
10 118 137 25 195 187 157 123 73 174 33
12 10 119 112 121 48 7 110 141 47 68 173 35
7 159 18 142 8 11 163 185
10 47 144 100 59 65 131 143 148 139 145
16 198 28 30 165 22 102 19 97 66 168 116 89 77 50 159 10
13 126 125 13 83 178 78 11 69 38 81 118 85 36
7 88 79 16 72 120 65 2
9 146 158 112 148 25 129 37 16 173
8 25 16 191 126 62 33 60 82
11 165 24 130 144 107 182 139 84 141 175 57
10 44 145 35 22 189 7 140 14 133 161
9 18 11 116 170 37 16 146 13 51
11 145 142 45 103 8 5 134 51 4 155 130
4 80 170 178 146
7 46 65 176 44 51 66 77
14 14 159 171 124 169 181 45 49 28 75 184 17 188 142
10 197 158 163 154 136 64 33 141 90 38
10 11 80 166 183 185 170 178 29 194 78
7 10 9 18 98 135 43 164
7 58 154 108 129 128 86 162
11 75 71 54 29 52 128 21 149 190 141 17
7 25 176 80 66 130 110 74
13 159 156 11 8 94 45 90 57 107 100 188 138 63
14 14 136 50 20 126 88 106 153 36 7 148 19 110 26
9 125 82 137 106 12 85 151 174 184
13 154 123 141 125 96 44 22 29 83 94 58 111 135
10 39 15 138 33 107 180 43 42 56 22
13 186 3 75 119 1 99 30 126 2 122 17 185 50
7 27 163 146 178 177 72 196
6 69 92 95 136 158 71
5 103 79 197 188 165
9 179 146 84 22 94 175 38 5 71
9 161 126 164 74 32 43 168 100 194
9 11 111 86 120 130 191 68 124 78
10 107 91 153 195 146 78 35 94 96 106
9 15 170 65 122 121 31 109 66 77
11 6 91 78 162 143 161 11 146 114 132 24
6 189 137 160 13 108 136
13 192 184 72 4 16 151 135 47 200 95 110 61 188
8 113 84 60 123 170 64 174 42
9 129 52 191 184 46 57 134 189 68
9 173 54 194 156 29 149 168 112 76
8 138 114 44 192 6 55 131 136
10 62 70 178 94 75 9 158 188 84 151
8 125 178 82 196 100 107 49 192
8 137 49 4 125 103 97 91 178
9 152 137 143 21 182 63 159 146 133
5 161 94 169 2 57
9 33 176 192 75 174 175 66 77 117
10 3 74 162 156 100 79 60 187 10 73
12 67 72 113 15 31 90 181 120 7 167 188 122
10 56 171 30 4 2 139 146 26 163 12
11 54 56 64 144 5 32 42 47 191 183 111
13 197 22 84 38 123 28 83 96 198 177 122 139 32
11 41 192 165 29 50 139 19 61 103 90 72
12 32 147 16 94 1 185 105 123 199 82 37 7
9 7 154 88 199 185 191 131 90 189
6 128 173 147 174 16 112
9 127 9 86 183 75 31 40 180 119
11 87 34 91 136 11 140 63 165 135 124 53
15 9 52 62 56 75 5 183 166 24 194 145 91 61 45 41
11 124 15 117 27 64 161 119 54 111 100 104
4 33 116 84 7
9 173 190 75 4 136 61 73 135 38
12 79 2 150 37 93 34 113 127 137 180 61 95
11 157 130 124 176 190 13 68 172 136 43 33
6 134 142 60 129 76 73
12 19 164 195 54 156 173 177 115 160 69 57 106
5 162 173 195 134 186
14 1 159 128 32 160 136 23 65 46 190 26 4 199 157
14 183 151 80 58 71 159 68 53 199 135 144 56 9 16
12 200 38 146 178 54 62 147 152 169 110 45 29
5 149 6 42 148 187
16 134 86 63 10 104 81 37 192 138 76 7 47 161 133 62 120
8 59 10 63 4 24 8 188 192
8 16 44 180 127 12 58 68 161
8 106 116 75 32 156 155 34 198
7 16 49 58 19 106 128 36
9 6 78 39 43 198 107 114 19 96
10 8 179 30 34 193 160 5 103 84 145
14 95 15 96 43 39 31 84 11 143 111 91 4 110 151
8 194 92 157 185 193 183 172 71
9 122 84 44 172 34 55 104 48 22
7 77 156 91 63 70 123 86
10 178 184 110 114 127 128 171 52 73 139
6 15 196 186 31 52 38
9 116 115 113 163 9 78 141 117 83
8 57 42 75 183 145 31 101 106
11 173 177 199 4 91 22 64 8 128 6 175
9 154 140 192 185 112 11 178 113 88
6 132 171 111 99 82 126
10 185 193 109 48 71 44 92 195 95 7
8 23 191 52 57 121 3 65 66
9 159 81 176 10 8 189 167 173 28
7 194 57 175 64 29 163 51
8 159 24 37 193 109 99 98 153
6 175 190 193 2 103 160
13 90 5 151 193 19 29 51 173 109 85 35 2 177
8 95 140 127 115 3 62 6 149
12 44 114 3 184 99 85 105 75 5 188 107 21
4 19 139 37 104
11 53 108 112 150 26 192 46 34 64 86 180
11 102 80 196 8 128 72 77 164 67 18 103
13 57 99 189 31 132 76 166 180 159 91 118 60 103
16 4 103 145 62 126 142 170 5 148 61 94 26 29 18 42 158
5 98 52 91 119 34
9 57 109 35 126 38 119 11 30 48
8 87 32 127 160 149 195 166 38
9 97 47 95 44 110 111 146 176 144
8 177 166 70 92 90 102 45 198
6 143 74 111 169 56 154
16 126 180 59 140 150 77 70 76 121 30 71 179 84 146 52 60
4 198 117 60 28
7 41 177 99 159 3 34 152
8 153 84 163 174 81 119 160 191
11 65 92 34 9 21 175 80 27 84 74 152
8 176 71 57 89 161 133 93 194
10 79 7 166 147 132 156 134 19 119 199
13 90 72 91 58 144 164 87 28 6 155 184 128 75
14 36 101 161 17 147 44 62 12 129 159 102 34 155 111
9 87 156 45 12 37 104 123 49 54
11 150 1 85 133 188 32 113 109 68 137 108
7 84 136 194 70 130 1 17
9 28 20 2 187 29 143 178 168 90
9 81 34 39 84 171 98 40 95 58
13 43 198 174 94 194 141 106 2 190 97 137 51 67
11 148 12 120 67 137 190 22 53 188 82 149
6 37 106 193 1 115 55
8 176 193 59 121 180 5 174 98
16 195 49 18 73 101 90 160 64 176 184 14 88 135 45 167 41
10 139 58 183 15 199 25 80 20 192 36
8 70 154 99 177 162 117 27 85
4 81 96 73 89
12 126 178 158 54 92 129 196 14 6 141 111 173
9 95 172 42 176 77 175 177 58 53
7 112 159 107 126 105 41 95
8 91 157 113 190 79 172 161 133
10 121 188 56 96 183 154 191 74 148 162
13 35 151 133 61 65 155 175 69 18 135 91 7 82
12 120 130 192 52 57 61 113 175 84 181 182 199
10 51 60 113 179 21 156 135 80 163 144
5 104 187 55 177 169
10 88 184 160 14 9 153 99 144 194 98
9 15 62 49 193 119 96 14 28 64
11 105 158 139 176 75 33 56 57 14 45 107
14 13 27 119 154 45 49 74 120 86 101 111 191 53 17
10 56 33 148 11 49 71 48 184 85 21
6 158 51 171 84 165 79
12 91 154 187 3 127 31 77 142 17 195 13 150
6 25 162 190 143 163 131
12 172 171 48 28 113 111 6 88 50 15 78 58
9 95 92 37 82 89 193 3 188 43
12 136 69 6 165 24 39 144 182 53 190 12 134
12 126 196 106 184 124 158 171 86 154 105 130 160
10 16 170 113 98 133 169 42 53 167 200
5 197 185 114 91 97
15 34 200 180 132 66 133 150 38 91 17 138 81 174 118 82
11 10 154 156 130 37 177 24 31 129 51 12
13 7 143 56 174 109 10 150 18 117 180 124 88 133
15 195 138 49 200 2 74 36 96 133 199 62 56 57 197 103
7 59 28 119 181 53 67 105
6 24 198 108 194 132 44
10 152 56 177 43 148 183 102 70 105 103
6 81 112 176 168 41 118
13 136 165 198 138 163 80 77 96 102 71 6 11 157
10 176 97 60 3 29 78 124 128 71 53
6 9 116 118 80 114 193
10 38 51 91 72 99 104 123 130 148 58
8 94 144 155 61 34 74 174 153
17 142 192 175 37 176 1 147 5 56 135 174 109 40 53 146 159 44
10 43 142 40 58 1 181 82 114 132 63
8 150 132 193 141 154 143 78 139
6 137 127 146 1 142 163
10 172 105 35 57 159 28 18 164 199 85
4 136 171 83 24
8 182 197 149 22 132 129 2 173
8 195 118 38 200 11 99 71 15
8 143 183 76 169 27 83 79 92
13 147 116 87 54 172 163 175 40 144 58 68 80 125
10 33 190 193 189 104 194 107 145 30 198
9 167 15 89 52 131 115 153 41 200
7 128 132 175 117 164 199 114
10 37 155 52 113 76 87 180 64 28 106
6 119 64 92 170 52 143
17 115 126 28 182 110 135 133 176 56 194 19 81 11 200 118 1 42
16 28 199 55 47 10 31 19 158 58 70 192 175 117 118 40 127
10 31 23 155 25 197 82 51 4 107 114
8 49 132 174 29 104 111 110 123
