100 25 3
4 20 2 19 21
5 13 21 5 14 4
5 7 9 23 4 2
4 2 12 20 3
5 10 18 14 4 12
4 3 22 5 12
4 16 12 10 24
4 13 17 24 4
4 5 1 21 13
4 10 8 19 5
4 11 1 17 20
4 4 10 6 8
4 14 23 4 24
4 18 8 7 6
4 21 9 3 4
5 2 6 4 16 14
4 14 4 17 6
4 16 3 7 24
4 2 14 11 17
5 10 25 3 19 13
4 17 14 20 4
4 5 3 1 20
4 9 3 21 23
4 21 8 11 17
4 17 25 1 6
4 2 7 21 24
4 9 17 6 11
4 20 11 14 8
4 13 20 17 24
4 19 14 25 11
4 17 19 25 4
4 9 22 5 19
4 4 18 19 12
4 7 17 6 15
4 19 15 7 8
4 5 25 11 18
4 3 13 18 7
7 11 6 4 1 3 17 12
4 16 14 5 7
4 9 11 15 7
5 12 4 6 8 25
4 9 10 21 5
4 10 24 22 16
4 11 5 23 8
4 10 20 17 14
4 22 12 21 7
4 6 10 9 22
4 8 20 12 19
4 23 9 3 6
4 1 4 21 10
4 23 10 4 15
4 18 14 7 4
4 15 2 18 20
4 2 19 6 9
4 21 9 23 6
4 20 14 24 6
4 12 23 22 14
4 16 17 20 24
4 2 8 4 6
4 5 23 18 11
4 5 20 10 17
4 5 4 23 6
4 20 5 3 12
4 7 13 19 25
4 17 22 13 5
4 8 20 7 1
4 1 3 20 19
4 1 24 11 5
4 18 10 1 5
4 1 15 7 11
4 24 7 2 25
4 20 15 24 12
4 13 21 7 25
4 12 7 3 4
4 16 21 2 23
4 20 13 17 3
4 15 22 12 3
4 7 8 13 2
4 22 10 20 6
4 21 16 7 6
4 15 6 14 25
4 9 1 3 6
4 8 23 20 22
4 17 9 11 16
5 5 17 25 9 19
4 24 8 17 15
4 2 19 18 22
4 4 12 22 13
4 11 4 17 3
4 8 19 23 3
4 7 16 14 10
4 13 23 6 1
4 5 23 11 4
4 11 7 12 14
4 3 19 7 13
4 16 7 3 8
4 3 7 21 16
4 14 12 1 17
4 3 8 12 10
4 1 2 23 4
